rank	id	token	freq	freq_pct	cum_freq_pct
1	1462	小	84066	9.660516	9.660516
2	2525	雷	72151	8.291293	17.951809
3	2494	问	32316	3.713621	21.665429
4	2018	的	24329	2.795788	24.461217
5	1027	你	17551	2.016888	26.478105
6	1560	快	16769	1.927024	28.405129
7	1640	拍	16513	1.897605	30.302734
8	1746	是	16025	1.841526	32.144261
9	1600	我	15438	1.774071	33.918332
10	1401	好	14559	1.673060	35.591391
11	926	一	13620	1.565154	37.156545
12	946	个	12937	1.486666	38.643212
13	2427	这	11216	1.288896	39.932108
14	1302	嗨	10327	1.186736	41.118844
15	1468	就	9020	1.036541	42.155385
16	969	了	8379	0.962880	43.118264
17	933	不	8240	0.946907	44.065171
18	1767	有	8071	0.927486	44.992657
19	2458	那	7025	0.807284	45.799941
20	1002	们	6871	0.789587	46.589527
21	998	他	6372	0.732244	47.321771
22	1338	在	5873	0.674901	47.996672
23	1220	后	4572	0.525395	48.522067
24	1792	来	4556	0.523557	49.045624
25	1458	对	4247	0.488048	49.533671
26	1281	啊	4230	0.486094	50.019766
27	1304	嗯	3835	0.440702	50.460468
28	989	人	3794	0.435991	50.896459
29	1001	以	3769	0.433118	51.329576
30	1129	到	3725	0.428062	51.757638
31	2293	要	3686	0.423580	52.181218
32	955	么	3594	0.413008	52.594225
33	2337	说	3567	0.409905	53.004130
34	931	上	3552	0.408181	53.412311
35	1874	没	3485	0.400482	53.812793
36	1940	然	3274	0.376234	54.189027
37	1380	大	3218	0.369799	54.558827
38	1737	时	3190	0.366582	54.925408
39	1241	呢	3094	0.355550	55.280958
40	2032	看	3076	0.353481	55.634439
41	963	也	2975	0.341875	55.976314
42	2463	都	2944	0.338312	56.314626
43	932	下	2936	0.337393	56.652019
44	1207	可	2916	0.335095	56.987113
45	949	为	2863	0.329004	57.316117
46	1161	十	2747	0.315674	57.631791
47	2426	还	2745	0.315444	57.947235
48	1448	家	2519	0.289473	58.236708
49	1377	多	2513	0.288784	58.525492
50	2203	能	2474	0.284302	58.809794
51	1012	会	2429	0.279131	59.088924
52	1381	天	2399	0.275683	59.364607
53	1187	去	2350	0.270052	59.634660
54	1976	现	2161	0.248333	59.882993
55	947	中	2081	0.239140	60.122133
56	2423	过	2041	0.234543	60.356676
57	1549	得	2037	0.234084	60.590759
58	1112	出	2002	0.230062	60.820821
59	2534	面	1963	0.225580	61.046401
60	1932	点	1954	0.224546	61.270946
61	930	三	1931	0.221903	61.492849
62	973	二	1871	0.215008	61.707856
63	2473	里	1806	0.207538	61.915394
64	1992	用	1784	0.205010	62.120404
65	1510	年	1724	0.198115	62.318519
66	1546	很	1708	0.196276	62.514795
67	1990	生	1670	0.191909	62.706705
68	990	什	1662	0.190990	62.897695
69	1813	样	1661	0.190875	63.088570
70	2298	觉	1636	0.188002	63.276573
71	1423	子	1616	0.185704	63.462277
72	2277	行	1533	0.176166	63.638443
73	2070	种	1527	0.175476	63.813919
74	957	之	1514	0.173983	63.987902
75	2453	道	1488	0.170995	64.158896
76	1195	发	1448	0.166398	64.325295
77	1527	开	1434	0.164789	64.490084
78	1045	候	1428	0.164100	64.654184
79	2149	经	1418	0.162951	64.817134
80	1018	但	1417	0.162836	64.979970
81	1441	实	1411	0.162146	65.142116
82	1588	想	1403	0.161227	65.303343
83	1607	所	1390	0.159733	65.463076
84	1334	国	1377	0.158239	65.621316
85	1537	当	1377	0.158239	65.779555
86	1225	吧	1352	0.155366	65.934921
87	1326	因	1348	0.154907	66.089827
88	1727	方	1336	0.153528	66.243355
89	1857	比	1336	0.153528	66.396883
90	2153	给	1328	0.152608	66.549491
91	1133	前	1323	0.152034	66.701524
92	1283	啦	1320	0.151689	66.853213
93	1248	和	1318	0.151459	67.004672
94	1402	如	1311	0.150655	67.155327
95	978	五	1302	0.149620	67.304948
96	2213	自	1285	0.147667	67.452614
97	1116	分	1273	0.146288	67.598902
98	943	两	1257	0.144449	67.743352
99	981	些	1256	0.144334	67.887686
100	1051	做	1231	0.141461	68.029147
101	1428	学	1229	0.141232	68.170379
102	1439	定	1224	0.140657	68.311036
103	2330	话	1193	0.137095	68.448130
104	1765	最	1191	0.136865	68.584995
105	1599	成	1175	0.135026	68.720021
106	2044	知	1148	0.131923	68.851945
107	2581	高	1148	0.131923	68.983868
108	1801	果	1146	0.131694	69.115562
109	1128	别	1130	0.129855	69.245417
110	2017	百	1110	0.127557	69.372973
111	1234	呃	1107	0.127212	69.500185
112	1339	地	1104	0.126867	69.627052
113	1222	吗	1090	0.125258	69.752310
114	2385	起	1088	0.125028	69.877339
115	1779	机	1084	0.124569	70.001908
116	1433	它	1074	0.123420	70.125327
117	2428	进	1071	0.123075	70.248402
118	1625	把	1067	0.122615	70.371017
119	2394	跟	1055	0.121236	70.492254
120	2407	车	1048	0.120432	70.612685
121	2036	着	1046	0.120202	70.732887
122	1324	四	1029	0.118248	70.851136
123	1958	特	1024	0.117674	70.968810
124	974	于	1001	0.115031	71.083840
125	2496	间	977	0.112273	71.196113
126	2176	老	974	0.111928	71.308041
127	972	事	973	0.111813	71.419854
128	1611	打	972	0.111698	71.531552
129	1085	其	971	0.111583	71.643136
130	1776	本	959	0.110204	71.753340
131	2421	边	950	0.109170	71.862510
132	1215	吃	939	0.107906	71.970416
133	1552	心	936	0.107561	72.077977
134	2033	真	932	0.107102	72.185079
135	2105	第	932	0.107102	72.292180
136	1838	次	924	0.106182	72.398363
137	1590	感	914	0.105033	72.503396
138	2179	而	908	0.104344	72.607739
139	1325	回	904	0.103884	72.711623
140	1026	作	897	0.103080	72.814703
141	1261	哎	883	0.101471	72.916173
142	1141	加	878	0.100896	73.017070
143	1677	接	876	0.100666	73.117736
144	1878	法	876	0.100666	73.218402
145	1089	再	875	0.100551	73.318954
146	1233	呀	873	0.100322	73.419275
147	1076	全	864	0.099287	73.518562
148	1845	正	861	0.098943	73.617505
149	1060	像	858	0.098598	73.716103
150	1064	儿	854	0.098138	73.814241
151	1143	动	853	0.098023	73.912264
152	993	今	846	0.097219	74.009483
153	1205	只	846	0.097219	74.106702
154	996	从	840	0.096529	74.203231
155	1507	常	829	0.095265	74.298496
156	1079	六	828	0.095150	74.393647
157	940	业	823	0.094576	74.488222
158	2524	零	822	0.094461	74.582683
159	1082	关	818	0.094001	74.676684
160	1718	数	806	0.092622	74.769306
161	1726	新	798	0.091703	74.861009
162	1492	工	792	0.091013	74.952023
163	1568	怎	790	0.090784	75.042806
164	1997	电	787	0.090439	75.133245
165	1862	水	783	0.089979	75.223224
166	1077	八	771	0.088600	75.311824
167	1078	公	764	0.087796	75.399620
168	2310	让	757	0.086991	75.486611
169	2491	长	756	0.086876	75.573488
170	774	the	755	0.086761	75.660249
171	1518	应	753	0.086532	75.746781
172	1123	刚	737	0.084693	75.831474
173	1496	己	735	0.084463	75.915937
174	1068	先	733	0.084233	76.000170
175	1522	度	725	0.083314	76.083484
176	2028	直	720	0.082739	76.166223
177	1608	手	717	0.082395	76.248618
178	1855	每	711	0.081705	76.330323
179	1589	意	707	0.081246	76.411569
180	2474	重	702	0.080671	76.492240
181	1107	几	696	0.079981	76.572221
182	1268	哦	696	0.079981	76.652203
183	962	九	694	0.079752	76.731954
184	2106	等	689	0.079177	76.811131
185	1760	更	688	0.079062	76.890193
186	2461	部	688	0.079062	76.969255
187	1740	明	684	0.078602	77.047858
188	2292	西	684	0.078602	77.126460
189	1497	已	682	0.078373	77.204833
190	941	东	681	0.078258	77.283091
191	1376	外	681	0.078258	77.361348
192	2178	者	681	0.078258	77.439606
193	1585	情	676	0.077683	77.517289
194	1137	力	673	0.077338	77.594627
195	1766	月	666	0.076534	77.671161
196	1218	同	659	0.075730	77.746891
197	1340	场	656	0.075385	77.822276
198	2444	通	656	0.075385	77.897661
199	1019	位	655	0.075270	77.972930
200	1499	市	650	0.074695	78.047626
201	950	主	641	0.073661	78.121287
202	1609	才	640	0.073546	78.194833
203	2286	被	638	0.073316	78.268149
204	1436	完	636	0.073086	78.341236
205	2382	走	635	0.072972	78.414207
206	1022	体	634	0.072857	78.487064
207	928	七	633	0.072742	78.559806
208	2415	较	632	0.072627	78.632432
209	1382	太	630	0.072397	78.704829
210	1075	入	618	0.071018	78.775847
211	1980	理	612	0.070328	78.846176
212	2483	钱	609	0.069984	78.916160
213	1190	又	608	0.069869	78.986029
214	2029	相	608	0.069869	79.055897
215	2332	该	595	0.068375	79.124272
216	2294	见	580	0.066651	79.190923
217	1709	放	577	0.066306	79.257230
218	1162	千	571	0.065617	79.322847
219	1256	品	570	0.065502	79.388349
220	2027	目	567	0.065157	79.453506
221	966	买	562	0.064583	79.518089
222	1670	据	558	0.064123	79.582212
223	1409	始	556	0.063893	79.646105
224	2532	非	554	0.063663	79.709769
225	1773	期	549	0.063089	79.772857
226	929	万	543	0.062399	79.835257
227	1463	少	542	0.062284	79.897541
228	983	产	541	0.062169	79.959711
229	1186	原	541	0.062169	80.021880
230	2550	题	541	0.062169	80.084049
231	1387	头	536	0.061595	80.145644
232	1502	师	530	0.060905	80.206550
233	2476	量	529	0.060790	80.267340
234	2077	程	527	0.060561	80.327901
235	1219	名	522	0.059986	80.387887
236	2351	谢	519	0.059641	80.447528
237	1460	将	515	0.059182	80.506710
238	2314	讲	515	0.059182	80.565892
239	1533	张	511	0.058722	80.624614
240	1088	内	508	0.058377	80.682991
241	1004	价	506	0.058147	80.741138
242	1212	号	505	0.058033	80.799171
243	1573	性	505	0.058033	80.857203
244	1622	找	504	0.057918	80.915121
245	1201	口	498	0.057228	80.972349
246	1217	合	498	0.057228	81.029577
247	1198	变	497	0.057113	81.086690
248	2396	路	493	0.056654	81.143344
249	1839	欢	491	0.056424	81.199767
250	2170	美	491	0.056424	81.256191
251	1038	保	490	0.056309	81.312500
252	1309	嘛	487	0.055964	81.368464
253	1683	提	486	0.055849	81.424313
254	2151	结	485	0.055734	81.480047
255	2300	解	484	0.055619	81.535666
256	1270	哪	482	0.055389	81.591056
257	1861	气	482	0.055389	81.646445
258	2404	身	482	0.055389	81.701835
259	2527	需	476	0.054700	81.756535
260	1509	平	473	0.054355	81.810890
261	2313	记	473	0.054355	81.865245
262	1732	无	472	0.054240	81.919485
263	1435	安	471	0.054125	81.973611
264	1003	件	468	0.053781	82.027391
265	1039	信	468	0.053781	82.081172
266	1884	活	464	0.053321	82.134493
267	1505	带	463	0.053206	82.187699
268	2177	考	463	0.053206	82.240905
269	2492	门	461	0.052976	82.293881
270	1345	块	460	0.052861	82.346742
271	2225	色	459	0.052746	82.399489
272	1154	化	455	0.052287	82.451776
273	1957	物	455	0.052287	82.504062
274	2281	表	453	0.052057	82.556119
275	1484	山	452	0.051942	82.608061
276	1130	制	450	0.051712	82.659773
277	1155	北	450	0.051712	82.711485
278	2227	节	450	0.051712	82.763198
279	1206	叫	443	0.050908	82.814105
280	1159	区	442	0.050793	82.864898
281	2297	视	442	0.050793	82.915691
282	1721	文	440	0.050563	82.966254
283	1240	员	439	0.050448	83.016702
284	2120	类	439	0.050448	83.067150
285	1707	收	437	0.050218	83.117368
286	1403	妈	435	0.049988	83.167357
287	2320	设	431	0.049529	83.216885
288	2344	调	431	0.049529	83.266414
289	1153	包	426	0.048954	83.315368
290	1974	玩	424	0.048724	83.364092
291	1508	干	422	0.048494	83.412587
292	1000	代	421	0.048380	83.460967
293	1397	女	421	0.048380	83.509346
294	1194	反	420	0.048265	83.557611
295	1242	周	420	0.048265	83.605875
296	1255	咱	417	0.047920	83.653795
297	2329	试	415	0.047690	83.701485
298	937	且	413	0.047460	83.748946
299	1292	喜	413	0.047460	83.796406
300	1169	单	410	0.047115	83.843521
301	1947	爱	408	0.046886	83.890407
302	1720	整	402	0.046196	83.936603
303	1526	建	400	0.045966	83.982570
304	1892	海	400	0.045966	84.028536
305	1359	基	398	0.045737	84.074272
306	2374	资	398	0.045737	84.120009
307	2305	计	396	0.045507	84.165516
308	1860	民	393	0.045162	84.210678
309	1227	听	392	0.045047	84.255725
310	1530	式	392	0.045047	84.300772
311	1903	清	390	0.044817	84.345589
312	2115	管	390	0.044817	84.390406
313	2440	选	385	0.044243	84.434649
314	2477	金	383	0.044013	84.478661
315	1087	养	379	0.043553	84.522214
316	1221	向	379	0.043553	84.565767
317	1511	并	378	0.043438	84.609206
318	2132	红	378	0.043438	84.652644
319	2448	造	378	0.043438	84.696082
320	2125	系	377	0.043323	84.739405
321	1029	使	376	0.043208	84.782614
322	1379	够	376	0.043208	84.825822
323	1197	受	375	0.043093	84.868915
324	1923	火	374	0.042979	84.911894
325	2229	花	372	0.042749	84.954643
326	2343	谁	371	0.042634	84.997276
327	1733	日	370	0.042519	85.039795
328	1542	影	367	0.042174	85.081969
329	1601	或	366	0.042059	85.124029
330	2016	白	366	0.042059	85.166088
331	982	交	362	0.041600	85.207687
332	2113	算	362	0.041600	85.249287
333	2425	近	361	0.041485	85.290772
334	1583	您	358	0.041140	85.331911
335	2142	线	358	0.041140	85.373051
336	1065	元	357	0.041025	85.414076
337	2307	认	356	0.040910	85.454986
338	1243	味	354	0.040680	85.495667
339	2191	肉	354	0.040680	85.536347
340	1708	改	352	0.040450	85.576797
341	1816	格	352	0.040450	85.617247
342	2083	空	352	0.040450	85.657698
343	2354	象	352	0.040450	85.698148
344	1127	利	351	0.040335	85.738484
345	1282	啥	351	0.040335	85.778819
346	1909	游	350	0.040221	85.819040
347	1753	晚	349	0.040106	85.859145
348	1208	台	347	0.039876	85.899021
349	1654	拿	347	0.039876	85.938897
350	1192	友	346	0.039761	85.978658
351	2007	病	346	0.039761	86.018419
352	1015	传	345	0.039646	86.058065
353	1973	王	341	0.039186	86.097251
354	2339	请	341	0.039186	86.136437
355	2572	香	338	0.038842	86.175279
356	934	与	336	0.038612	86.213891
357	1372	处	336	0.038612	86.252502
358	2165	网	335	0.038497	86.290999
359	2555	风	331	0.038037	86.329036
360	1216	各	329	0.037807	86.366844
361	1995	由	329	0.037807	86.404651
362	1807	查	328	0.037692	86.442343
363	2361	质	328	0.037692	86.480036
364	2304	警	327	0.037577	86.517613
365	2424	运	326	0.037463	86.555076
366	1213	司	325	0.037348	86.592423
367	1093	写	324	0.037233	86.629656
368	1171	南	320	0.036773	86.666429
369	2055	确	319	0.036658	86.703087
370	1429	孩	318	0.036543	86.739631
371	1543	往	318	0.036543	86.776174
372	1655	持	318	0.036543	86.812717
373	1662	挺	318	0.036543	86.849260
374	1519	底	312	0.035854	86.885114
375	2322	证	312	0.035854	86.920968
376	1021	住	311	0.035739	86.956707
377	2388	越	309	0.035509	86.992216
378	1769	服	308	0.035394	87.027610
379	2287	装	306	0.035164	87.062774
380	2422	达	306	0.035164	87.097938
381	1791	条	304	0.034934	87.132873
382	1881	注	304	0.034934	87.167807
383	2408	转	304	0.034934	87.202741
384	1481	展	303	0.034820	87.237561
385	1425	字	300	0.034475	87.272036
386	1952	片	300	0.034475	87.306510
387	2547	频	300	0.034475	87.340985
388	2387	超	299	0.034360	87.375345
389	1818	案	298	0.034245	87.409590
390	1124	创	297	0.034130	87.443720
391	1005	任	296	0.034015	87.477735
392	938	世	295	0.033900	87.511635
393	1069	光	294	0.033785	87.545420
394	1236	告	292	0.033555	87.578976
395	1575	总	292	0.033555	87.612531
396	1734	早	292	0.033555	87.646087
397	1535	强	290	0.033326	87.679412
398	1851	死	289	0.033211	87.712623
399	1941	照	289	0.033211	87.745834
400	2119	米	289	0.033211	87.779044
401	2123	精	289	0.033211	87.812255
402	1846	此	288	0.033096	87.845351
403	2573	马	288	0.033096	87.878447
404	1998	男	287	0.032981	87.911427
405	1876	油	286	0.032866	87.944293
406	2510	院	286	0.032866	87.977159
407	2517	难	286	0.032866	88.010025
408	1139	办	285	0.032751	88.042776
409	1160	医	285	0.032751	88.075527
410	1449	容	283	0.032521	88.108048
411	1571	思	281	0.032291	88.140340
412	2571	首	281	0.032291	88.172631
413	1495	差	280	0.032176	88.204808
414	1893	消	280	0.032176	88.236984
415	988	亲	276	0.031717	88.268701
416	1624	技	276	0.031717	88.300418
417	2157	续	276	0.031717	88.332134
418	1847	步	275	0.031602	88.363736
419	1579	息	274	0.031487	88.395223
420	1606	房	274	0.031487	88.426710
421	964	习	273	0.031372	88.458082
422	1142	务	273	0.031372	88.489454
423	1316	器	272	0.031257	88.520711
424	1635	报	271	0.031142	88.551853
425	1165	半	268	0.030797	88.582651
426	1355	型	268	0.030797	88.613448
427	1628	投	267	0.030683	88.644131
428	1565	态	266	0.030568	88.674699
429	1906	温	265	0.030453	88.705151
430	2275	血	265	0.030453	88.735604
431	1034	便	263	0.030223	88.765827
432	1459	导	263	0.030223	88.796050
433	1506	帮	263	0.030223	88.826273
434	1810	标	263	0.030223	88.856495
435	1815	根	263	0.030223	88.886718
436	2060	示	262	0.030108	88.916826
437	2368	费	262	0.030108	88.946934
438	1023	何	261	0.029993	88.976927
439	1785	李	261	0.029993	89.006920
440	1747	显	260	0.029878	89.036798
441	2245	菜	260	0.029878	89.066676
442	936	专	259	0.029763	89.096440
443	2342	课	259	0.029763	89.126203
444	1373	备	258	0.029648	89.155851
445	1698	播	255	0.029304	89.185155
446	2392	跑	255	0.029304	89.214458
447	1886	流	254	0.029189	89.243647
448	1868	江	253	0.029074	89.272721
449	1937	热	253	0.029074	89.301794
450	1103	准	252	0.028959	89.330753
451	1101	况	251	0.028844	89.359597
452	2071	科	251	0.028844	89.388441
453	1280	商	250	0.028729	89.417170
454	1865	求	250	0.028729	89.445899
455	1358	城	248	0.028499	89.474398
456	1185	压	247	0.028384	89.502782
457	1550	微	247	0.028384	89.531166
458	2134	级	247	0.028384	89.559551
459	1593	慢	246	0.028269	89.587820
460	2197	肯	246	0.028269	89.616089
461	2489	错	246	0.028269	89.644358
462	1166	华	245	0.028154	89.672513
463	1191	及	245	0.028154	89.700667
464	1956	牛	245	0.028154	89.728822
465	2000	界	245	0.028154	89.756976
466	2035	眼	245	0.028154	89.785130
467	2169	置	245	0.028154	89.813285
468	1048	值	244	0.028039	89.841324
469	1853	段	243	0.027925	89.869249
470	1768	朋	240	0.027580	89.896829
471	1787	村	240	0.027580	89.924408
472	2465	酒	240	0.027580	89.951988
473	2540	项	239	0.027465	89.979453
474	2296	规	238	0.027350	90.006803
475	2429	远	238	0.027350	90.034153
476	2520	集	237	0.027235	90.061388
477	2537	音	237	0.027235	90.088623
478	1605	户	236	0.027120	90.115743
479	1978	班	236	0.027120	90.142863
480	2215	至	236	0.027120	90.169984
481	1196	取	235	0.027005	90.196989
482	1657	指	235	0.027005	90.223994
483	1743	星	235	0.027005	90.250999
484	1712	效	234	0.026890	90.277890
485	2218	般	234	0.026890	90.304780
486	2593	黄	233	0.026775	90.331555
487	2144	组	232	0.026660	90.358216
488	2515	随	231	0.026546	90.384761
489	1081	共	230	0.026431	90.411192
490	1889	济	230	0.026431	90.437623
491	2188	联	230	0.026431	90.464053
492	2447	速	230	0.026431	90.490484
493	1715	教	229	0.026316	90.516800
494	958	乐	228	0.026201	90.543000
495	1258	哇	228	0.026201	90.569201
496	1440	宝	228	0.026201	90.595402
497	1913	源	228	0.026201	90.621603
498	2063	神	228	0.026201	90.647804
499	2563	饭	228	0.026201	90.674004
500	1835	模	227	0.026086	90.700090
501	1553	必	226	0.025971	90.726061
502	1771	望	226	0.025971	90.752032
503	1950	爸	225	0.025856	90.777888
504	1170	卖	224	0.025741	90.803630
505	1723	料	223	0.025626	90.829256
506	1804	某	222	0.025511	90.854767
507	2095	立	222	0.025511	90.880278
508	2464	配	222	0.025511	90.905790
509	2501	阳	222	0.025511	90.931301
510	2577	验	222	0.025511	90.956812
511	986	京	221	0.025396	90.982209
512	1049	假	220	0.025281	91.007490
513	1447	害	220	0.025281	91.032772
514	2067	离	220	0.025281	91.058053
515	1210	右	219	0.025167	91.083220
516	1094	军	218	0.025052	91.108271
517	1371	声	217	0.024937	91.133208
518	1493	左	217	0.024937	91.158145
519	1540	形	217	0.024937	91.183082
520	1710	政	217	0.024937	91.208018
521	2242	药	216	0.024822	91.232840
522	1672	掉	215	0.024707	91.257547
523	2295	观	215	0.024707	91.282254
524	2326	诉	215	0.024707	91.306961
525	807	to	214	0.024592	91.331553
526	1902	深	214	0.024592	91.356145
527	2558	飞	213	0.024477	91.380622
528	1259	哈	212	0.024362	91.404984
529	1668	换	212	0.024362	91.429346
530	2112	简	212	0.024362	91.453708
531	1006	份	211	0.024247	91.477956
532	1100	决	211	0.024247	91.502203
533	2482	钟	211	0.024247	91.526450
534	7	a	210	0.024132	91.550583
535	1658	按	210	0.024132	91.574715
536	1975	环	210	0.024132	91.598847
537	1173	卡	208	0.023902	91.622750
538	1513	广	208	0.023902	91.646652
539	2505	际	208	0.023902	91.670555
540	965	书	206	0.023673	91.694227
541	1634	护	206	0.023673	91.717900
542	2413	轻	206	0.023673	91.741573
543	2431	连	206	0.023673	91.765245
544	1916	满	205	0.023558	91.788803
545	2324	识	205	0.023558	91.812361
546	2511	除	205	0.023558	91.835919
547	1020	低	204	0.023443	91.859361
548	2416	辆	204	0.023443	91.882804
549	1053	健	203	0.023328	91.906132
550	1491	州	203	0.023328	91.929460
551	1675	排	203	0.023328	91.952788
552	1706	支	203	0.023328	91.976116
553	1919	演	203	0.023328	91.999444
554	2312	议	203	0.023328	92.022772
555	2559	食	201	0.023098	92.045870
556	1444	客	200	0.022983	92.068853
557	2299	角	200	0.022983	92.091836
558	1086	具	199	0.022868	92.114704
559	1125	初	199	0.022868	92.137573
560	1842	款	199	0.022868	92.160441
561	1888	测	199	0.022868	92.183309
562	1968	猪	199	0.022868	92.206177
563	1678	控	198	0.022753	92.228931
564	1812	校	198	0.022753	92.251684
565	2001	留	197	0.022638	92.274323
566	1426	存	196	0.022524	92.296846
567	2500	防	196	0.022524	92.319370
568	1140	功	195	0.022409	92.341778
569	1854	母	195	0.022409	92.364187
570	2156	继	195	0.022409	92.386595
571	2155	统	193	0.022179	92.408774
572	1189	参	192	0.022064	92.430838
573	2335	语	192	0.022064	92.452902
574	1374	复	190	0.021834	92.474736
575	1679	推	190	0.021834	92.496570
576	2133	约	190	0.021834	92.518404
577	2234	英	190	0.021834	92.540238
578	1267	哥	189	0.021719	92.561957
579	1741	易	189	0.021719	92.583676
580	2062	社	189	0.021719	92.605395
581	1070	克	188	0.021604	92.626999
582	1095	农	187	0.021489	92.648489
583	1410	姐	187	0.021489	92.669978
584	1598	戏	187	0.021489	92.691467
585	956	义	185	0.021259	92.712726
586	1010	优	185	0.021259	92.733986
587	1343	坐	185	0.021259	92.755245
588	1368	增	185	0.021259	92.776505
589	1777	术	185	0.021259	92.797764
590	1859	毛	184	0.021145	92.818909
591	1875	河	184	0.021145	92.840053
592	2145	细	184	0.021145	92.861198
593	2499	队	184	0.021145	92.882342
594	1702	操	183	0.021030	92.903372
595	44	and	181	0.020800	92.924172
596	1797	板	181	0.020800	92.944971
597	2019	皮	181	0.020800	92.965771
598	2390	足	181	0.020800	92.986571
599	2487	银	181	0.020800	93.007371
600	2147	终	179	0.020570	93.027941
601	1144	助	178	0.020455	93.048396
602	1204	另	178	0.020455	93.068851
603	1476	层	178	0.020455	93.089306
604	1724	断	178	0.020455	93.109761
605	1482	属	177	0.020340	93.130101
606	1602	战	177	0.020340	93.150441
607	1711	故	177	0.020340	93.170781
608	2418	输	177	0.020340	93.191121
609	1293	喝	176	0.020225	93.211346
610	1833	概	176	0.020225	93.231572
611	2084	穿	176	0.020225	93.251797
612	2584	鱼	176	0.020225	93.272022
613	1007	企	174	0.019995	93.292017
614	1164	午	174	0.019995	93.312013
615	2508	降	174	0.019995	93.332008
616	1500	布	173	0.019880	93.351888
617	1639	拉	173	0.019880	93.371769
618	1758	暖	173	0.019880	93.391649
619	1877	治	173	0.019880	93.411530
620	2357	财	173	0.019880	93.431410
621	2366	贵	173	0.019880	93.451291
622	2247	营	172	0.019766	93.471056
623	1122	则	170	0.019536	93.490592
624	1538	录	170	0.019536	93.510128
625	1999	画	170	0.019536	93.529663
626	353	i	169	0.019421	93.549084
627	2128	紧	169	0.019421	93.568505
628	2317	论	169	0.019421	93.587926
629	1503	希	168	0.019306	93.607231
630	1979	球	168	0.019306	93.626537
631	2594	黑	168	0.019306	93.645843
632	1246	命	167	0.019191	93.665034
633	1474	局	167	0.019191	93.684225
634	1104	减	166	0.019076	93.703301
635	1193	双	165	0.018961	93.722262
636	976	云	164	0.018846	93.741108
637	1260	响	164	0.018846	93.759955
638	1531	引	164	0.018846	93.778801
639	2437	送	164	0.018846	93.797647
640	1031	供	163	0.018731	93.816378
641	1184	历	163	0.018731	93.835110
642	2216	致	163	0.018731	93.853841
643	1961	状	162	0.018616	93.872457
644	2205	脚	162	0.018616	93.891074
645	1954	牌	161	0.018501	93.909575
646	2064	票	160	0.018387	93.927962
647	994	介	159	0.018272	93.946233
648	1485	岁	159	0.018272	93.964505
649	1689	搞	159	0.018272	93.982776
650	2545	预	157	0.018042	94.000818
651	1948	父	156	0.017927	94.018745
652	2279	衣	156	0.017927	94.036672
653	1386	失	155	0.017812	94.054484
654	1437	官	155	0.017812	94.072296
655	1570	怕	155	0.017812	94.090108
656	1775	未	155	0.017812	94.107920
657	1009	众	154	0.017697	94.125617
658	1030	例	154	0.017697	94.143314
659	1335	图	154	0.017697	94.161011
660	2037	睡	154	0.017697	94.178708
661	2096	站	154	0.017697	94.196405
662	2172	群	154	0.017697	94.214102
663	2533	靠	154	0.017697	94.231799
664	1883	洗	153	0.017582	94.249381
665	2243	获	153	0.017582	94.266963
666	2265	虽	153	0.017582	94.284545
667	1121	刘	152	0.017467	94.302013
668	1337	土	152	0.017467	94.319480
669	1623	承	152	0.017467	94.336947
670	1799	构	152	0.017467	94.354414
671	1832	楼	152	0.017467	94.371881
672	985	享	151	0.017352	94.389234
673	1346	坚	151	0.017352	94.406586
674	1520	店	150	0.017237	94.423823
675	2085	突	150	0.017237	94.441061
676	1102	冷	149	0.017122	94.458183
677	1113	击	149	0.017122	94.475306
678	1163	升	149	0.017122	94.492428
679	2050	研	149	0.017122	94.509551
680	2204	脑	149	0.017122	94.526673
681	954	久	148	0.017008	94.543681
682	1524	康	148	0.017008	94.560688
683	2048	码	148	0.017008	94.577696
684	2598	龙	148	0.017008	94.594703
685	1399	奶	147	0.016893	94.611596
686	2097	竟	147	0.016893	94.628489
687	2194	股	147	0.016893	94.645381
688	2302	言	147	0.016893	94.662274
689	2364	购	147	0.016893	94.679166
690	919	you	145	0.016663	94.695829
691	1179	却	145	0.016663	94.712492
692	1545	待	145	0.016663	94.729155
693	2031	省	144	0.016548	94.745703
694	2249	落	144	0.016548	94.762251
695	1784	权	143	0.016433	94.778684
696	2200	背	143	0.016433	94.795117
697	1016	伤	142	0.016318	94.811435
698	1043	倒	142	0.016318	94.827753
699	1117	切	142	0.016318	94.844071
700	1390	奇	142	0.016318	94.860389
701	2148	绍	142	0.016318	94.876707
702	2488	销	142	0.016318	94.893025
703	2546	领	141	0.016203	94.909228
704	1512	幺	140	0.016088	94.925316
705	1971	率	140	0.016088	94.941404
706	2023	监	140	0.016088	94.957493
707	527	of	139	0.015973	94.973466
708	1040	俩	139	0.015973	94.989439
709	1203	句	139	0.015973	95.005413
710	1532	弟	139	0.015973	95.021386
711	1714	救	138	0.015858	95.037244
712	1370	士	137	0.015743	95.052988
713	1798	极	137	0.015743	95.068731
714	1964	独	137	0.015743	95.084475
715	987	亮	136	0.015629	95.100103
716	992	仅	136	0.015629	95.115732
717	1328	团	136	0.015629	95.131360
718	1446	室	136	0.015629	95.146989
719	2542	须	136	0.015629	95.162617
720	2356	负	135	0.015514	95.178131
721	1754	普	134	0.015399	95.193530
722	1824	梦	134	0.015399	95.208929
723	2081	究	134	0.015399	95.224327
724	2471	采	134	0.015399	95.239726
725	1041	修	133	0.015284	95.255010
726	1557	志	133	0.015284	95.270294
727	1649	择	133	0.015284	95.285577
728	1963	狗	133	0.015284	95.300861
729	2509	限	133	0.015284	95.316145
730	1541	彩	132	0.015169	95.331314
731	2409	轮	132	0.015169	95.346483
732	2438	适	132	0.015169	95.361652
733	1728	施	131	0.015054	95.376706
734	2384	赶	131	0.015054	95.391760
735	1052	停	130	0.014939	95.406699
736	1120	列	129	0.014824	95.421523
737	1516	序	129	0.014824	95.436347
738	1647	拜	129	0.014824	95.451171
739	2066	福	129	0.014824	95.465995
740	944	严	128	0.014709	95.480704
741	1650	括	128	0.014709	95.495414
742	1814	核	128	0.014709	95.510123
743	2358	责	128	0.014709	95.524832
744	2502	阿	128	0.014709	95.539541
745	2530	青	128	0.014709	95.554251
746	1178	即	127	0.014594	95.568845
747	1333	围	127	0.014594	95.583439
748	2513	险	127	0.014594	95.598034
749	1452	密	126	0.014479	95.612513
750	1637	担	126	0.014479	95.626992
751	1755	景	126	0.014479	95.641472
752	2186	聊	126	0.014479	95.655951
753	377	in	124	0.014250	95.670201
754	952	举	124	0.014250	95.684450
755	1745	昨	124	0.014250	95.698700
756	2075	称	124	0.014250	95.712949
757	1276	售	123	0.014135	95.727084
758	1378	夜	123	0.014135	95.741219
759	1477	居	123	0.014135	95.755353
760	1014	伟	122	0.014020	95.769373
761	1330	园	122	0.014020	95.783393
762	2025	盘	122	0.014020	95.797413
763	2074	积	122	0.014020	95.811432
764	2589	鸡	122	0.014020	95.825452
765	2232	苦	121	0.013905	95.839357
766	1083	兴	120	0.013790	95.853147
767	1367	境	120	0.013790	95.866937
768	1646	招	120	0.013790	95.880727
769	2047	石	120	0.013790	95.894516
770	1394	套	119	0.013675	95.908191
771	1596	懂	119	0.013675	95.921866
772	1844	止	119	0.013675	95.935541
773	1825	检	118	0.013560	95.949101
774	2004	疑	118	0.013560	95.962662
775	2080	稳	118	0.013560	95.976222
776	2116	箱	118	0.013560	95.989782
777	2187	职	118	0.013560	96.003342
778	1880	波	117	0.013445	96.016787
779	2160	维	117	0.013445	96.030232
780	1209	史	116	0.013330	96.043562
781	1418	婚	116	0.013330	96.056893
782	1559	忙	115	0.013215	96.070108
783	1592	愿	115	0.013215	96.083323
784	1008	休	114	0.013100	96.096424
785	1147	势	114	0.013100	96.109524
786	1472	尽	114	0.013100	96.122624
787	1572	急	114	0.013100	96.135725
788	1756	智	114	0.013100	96.148825
789	1800	林	114	0.013100	96.161926
790	2198	育	114	0.013100	96.175026
791	2239	草	114	0.013100	96.188126
792	2541	顺	114	0.013100	96.201227
793	2591	麻	114	0.013100	96.214327
794	1067	充	113	0.012985	96.227313
795	2280	补	113	0.012985	96.240298
796	2436	退	113	0.012985	96.253284
797	2484	铁	113	0.012985	96.266269
798	2507	陈	113	0.012985	96.279255
799	333	hello	112	0.012871	96.292125
800	1943	熟	112	0.012871	96.304996
801	2021	益	112	0.012871	96.317866
802	2271	蛋	112	0.012871	96.330737
803	2397	跳	112	0.012871	96.343608
804	2523	雪	112	0.012871	96.356478
805	1561	念	111	0.012756	96.369234
806	1858	毕	111	0.012756	96.381989
807	2168	罪	111	0.012756	96.394745
808	2316	许	111	0.012756	96.407501
809	1617	执	110	0.012641	96.420142
810	2360	货	110	0.012641	96.432782
811	1383	夫	109	0.012526	96.445308
812	2226	艺	109	0.012526	96.457834
813	1843	歌	108	0.012411	96.470245
814	2009	痛	108	0.012411	96.482656
815	1529	弄	107	0.012296	96.494952
816	1786	材	107	0.012296	96.507248
817	2051	破	107	0.012296	96.519544
818	2414	载	107	0.012296	96.531840
819	2522	雨	107	0.012296	96.544136
820	1177	印	106	0.012181	96.556317
821	2154	绝	106	0.012181	96.568498
822	393	is	105	0.012066	96.580564
823	772	that	105	0.012066	96.592630
824	1202	古	105	0.012066	96.604696
825	1551	德	105	0.012066	96.616763
826	1633	抢	104	0.011951	96.628714
827	2108	答	104	0.011951	96.640665
828	2143	练	104	0.011951	96.652616
829	1384	央	103	0.011836	96.664453
830	1427	孙	103	0.011836	96.676289
831	951	丽	102	0.011721	96.688010
832	1126	判	102	0.011721	96.699732
833	1744	春	102	0.011721	96.711453
834	1032	依	101	0.011607	96.723060
835	1331	困	101	0.011607	96.734666
836	1848	武	101	0.011607	96.746273
837	1953	版	101	0.011607	96.757879
838	2341	读	101	0.011607	96.769486
839	999	付	99	0.011377	96.780862
840	1730	旅	99	0.011377	96.792239
841	1869	汤	99	0.011377	96.803616
842	2101	笑	99	0.011377	96.814992
843	1046	借	98	0.011262	96.826254
844	1119	划	98	0.011262	96.837516
845	1763	曾	98	0.011262	96.848778
846	1782	杀	98	0.011262	96.860039
847	2126	素	98	0.011262	96.871301
848	2236	范	98	0.011262	96.882563
849	2560	餐	98	0.011262	96.893825
850	971	争	97	0.011147	96.904971
851	1188	县	97	0.011147	96.916118
852	1558	忘	97	0.011147	96.927265
853	1796	松	97	0.011147	96.938412
854	118	c	96	0.011032	96.949444
855	1621	批	96	0.011032	96.960476
856	1972	玉	96	0.011032	96.971508
857	2121	粉	96	0.011032	96.982540
858	1224	否	95	0.010917	96.993457
859	1498	巴	95	0.010917	97.004374
860	2195	肥	95	0.010917	97.015291
861	2451	遇	95	0.010917	97.026208
862	2260	藏	94	0.010802	97.037010
863	2543	顾	94	0.010802	97.047812
864	1135	剧	93	0.010687	97.058499
865	1731	族	93	0.010687	97.069186
866	1911	湖	93	0.010687	97.079873
867	2078	稍	93	0.010687	97.090561
868	1098	冰	92	0.010572	97.101133
869	1277	唱	92	0.010572	97.111705
870	1528	异	92	0.010572	97.122277
871	2410	软	92	0.010572	97.132850
872	1453	富	91	0.010457	97.143307
873	1907	港	91	0.010457	97.153764
874	531	ok	90	0.010342	97.164107
875	1789	束	90	0.010342	97.174449
876	1960	犯	90	0.010342	97.184792
877	2378	赛	90	0.010342	97.195134
878	2435	追	90	0.010342	97.205476
879	1626	抓	89	0.010228	97.215704
880	1866	汇	89	0.010228	97.225931
881	1989	甚	89	0.010228	97.236159
882	2475	野	89	0.010228	97.246386
883	2539	顶	89	0.010228	97.256614
884	1080	兰	88	0.010113	97.266727
885	1420	嫌	88	0.010113	97.276839
886	1523	庭	88	0.010113	97.286952
887	2531	静	88	0.010113	97.297064
888	1336	圈	87	0.009998	97.307062
889	1676	探	87	0.009998	97.317060
890	1725	斯	87	0.009998	97.327057
891	2045	短	87	0.009998	97.337055
892	2127	索	87	0.009998	97.347053
893	2452	遍	87	0.009998	97.357050
894	2552	额	87	0.009998	97.367048
895	2578	骗	87	0.009998	97.377046
896	1183	厂	86	0.009883	97.386929
897	1515	床	86	0.009883	97.396811
898	1830	楚	86	0.009883	97.406694
899	2166	罗	86	0.009883	97.416577
900	2241	荣	86	0.009883	97.426460
901	977	互	85	0.009768	97.436227
902	1636	抽	85	0.009768	97.445995
903	1772	朝	85	0.009768	97.455763
904	2323	评	85	0.009768	97.465531
905	2419	辣	85	0.009768	97.475299
906	1408	妹	84	0.009653	97.484952
907	2068	秀	84	0.009653	97.494605
908	1464	尔	83	0.009538	97.504143
909	1716	敢	83	0.009538	97.513681
910	2103	符	83	0.009538	97.523219
911	1230	吸	82	0.009423	97.532642
912	2536	韩	82	0.009423	97.542065
913	2209	腿	81	0.009308	97.551373
914	2490	镇	81	0.009308	97.560681
915	1071	免	79	0.009078	97.569760
916	1287	喂	79	0.009078	97.578838
917	1432	宁	79	0.009078	97.587916
918	1547	律	79	0.009078	97.596995
919	1793	杨	78	0.008963	97.605958
920	1896	润	78	0.008963	97.614922
921	2076	移	78	0.008963	97.623885
922	2479	针	78	0.008963	97.632848
923	1400	她	77	0.008849	97.641697
924	1479	屋	77	0.008849	97.650546
925	2100	端	77	0.008849	97.659394
926	1667	损	76	0.008734	97.668128
927	2130	累	76	0.008734	97.676861
928	2346	谈	76	0.008734	97.685595
929	2058	碰	75	0.008619	97.694214
930	1167	协	74	0.008504	97.702717
931	1175	卫	74	0.008504	97.711221
932	1805	染	74	0.008504	97.719725
933	2224	良	74	0.008504	97.728229
934	2278	街	74	0.008504	97.736732
935	878	we	73	0.008389	97.745121
936	1084	兵	73	0.008389	97.753510
937	1288	善	73	0.008389	97.761899
938	2015	登	73	0.008389	97.770288
939	2024	盖	73	0.008389	97.778677
940	2052	础	73	0.008389	97.787066
941	2311	训	73	0.008389	97.795454
942	2442	透	73	0.008389	97.803843
943	1017	估	72	0.008274	97.812117
944	1774	木	72	0.008274	97.820391
945	1342	坏	71	0.008159	97.828550
946	1443	审	71	0.008159	97.836709
947	1783	杂	71	0.008159	97.844868
948	1856	毒	71	0.008159	97.853027
949	75	b	70	0.008044	97.861071
950	1050	偏	70	0.008044	97.869115
951	1517	库	70	0.008044	97.877160
952	2266	虾	70	0.008044	97.885204
953	2430	违	70	0.008044	97.893248
954	2516	隐	70	0.008044	97.901292
955	1011	伙	69	0.007929	97.909221
956	1521	府	69	0.007929	97.917150
957	1656	挂	69	0.007929	97.925079
958	2301	触	69	0.007929	97.933009
959	279	for	68	0.007814	97.940823
960	790	this	68	0.007814	97.948637
961	1396	奥	68	0.007814	97.956451
962	1099	冲	67	0.007699	97.964151
963	1412	委	67	0.007699	97.971850
964	2061	礼	67	0.007699	97.979550
965	2111	签	67	0.007699	97.987249
966	2136	纯	67	0.007699	97.994948
967	2472	释	67	0.007699	98.002648
968	2504	附	67	0.007699	98.010347
969	995	仍	66	0.007584	98.017931
970	1172	博	66	0.007584	98.025516
971	1574	怪	66	0.007584	98.033100
972	2146	织	66	0.007584	98.040685
973	2175	翻	66	0.007584	98.048269
974	2328	词	66	0.007584	98.055854
975	1564	怀	65	0.007470	98.063323
976	1652	拼	65	0.007470	98.070793
977	2590	麦	65	0.007470	98.078262
978	980	亚	64	0.007355	98.085617
979	1115	刀	64	0.007355	98.092972
980	1455	察	64	0.007355	98.100326
981	1613	托	64	0.007355	98.107681
982	1803	架	64	0.007355	98.115035
983	1894	涉	64	0.007355	98.122390
984	2079	税	64	0.007355	98.129745
985	2102	笔	64	0.007355	98.137099
986	2321	访	64	0.007355	98.144454
987	2468	酸	64	0.007355	98.151808
988	395	it	63	0.007240	98.159048
989	537	on	63	0.007240	98.166288
990	1411	姓	63	0.007240	98.173528
991	1863	永	63	0.007240	98.180767
992	1935	烟	63	0.007240	98.188007
993	2309	讨	63	0.007240	98.195247
994	2567	馆	63	0.007240	98.202486
995	55	are	62	0.007125	98.209611
996	1717	散	62	0.007125	98.216736
997	1840	欧	62	0.007125	98.223861
998	1949	爷	62	0.007125	98.230985
999	1969	猫	62	0.007125	98.238110
1000	2073	租	62	0.007125	98.245235
1001	2450	逼	62	0.007125	98.252360
1002	1514	庆	61	0.007010	98.259370
1003	2072	秒	61	0.007010	98.266380
1004	2263	虑	61	0.007010	98.273389
1005	1936	烦	60	0.006895	98.280284
1006	1501	帅	59	0.006780	98.287064
1007	1729	旁	59	0.006780	98.293844
1008	1802	枪	59	0.006780	98.300624
1009	1806	柔	59	0.006780	98.307404
1010	1819	桌	59	0.006780	98.314185
1011	1822	档	59	0.006780	98.320965
1012	1925	灵	59	0.006780	98.327745
1013	2272	蛮	59	0.006780	98.334525
1014	2336	误	59	0.006780	98.341305
1015	967	乱	58	0.006665	98.347970
1016	1581	恶	58	0.006665	98.354635
1017	1638	拆	58	0.006665	98.361300
1018	1722	斗	58	0.006665	98.367965
1019	2135	纪	58	0.006665	98.374630
1020	2230	苏	58	0.006665	98.381295
1021	1360	堂	57	0.006550	98.387846
1022	1885	派	57	0.006550	98.394396
1023	2206	脸	57	0.006550	98.400946
1024	2470	醒	57	0.006550	98.407496
1025	200	do	56	0.006435	98.413931
1026	1024	余	56	0.006435	98.420367
1027	1891	浪	56	0.006435	98.426802
1028	1912	湾	56	0.006435	98.433237
1029	1917	漂	56	0.006435	98.439673
1030	2054	硬	56	0.006435	98.446108
1031	2098	章	56	0.006435	98.452543
1032	1131	刷	55	0.006320	98.458864
1033	1229	吴	55	0.006320	98.465184
1034	1249	咖	55	0.006320	98.471504
1035	1587	惯	55	0.006320	98.477825
1036	1673	掌	55	0.006320	98.484145
1037	1867	汉	55	0.006320	98.490465
1038	2185	耿	55	0.006320	98.496786
1039	310	go	54	0.006205	98.502991
1040	942	丢	54	0.006205	98.509197
1041	1494	巧	54	0.006205	98.515402
1042	1828	棒	54	0.006205	98.521608
1043	2162	缓	54	0.006205	98.527813
1044	2456	避	53	0.006091	98.533904
1045	2493	闪	53	0.006091	98.539994
1046	1984	瓜	52	0.005976	98.545970
1047	2164	缺	52	0.005976	98.551945
1048	2412	轴	52	0.005976	98.557921
1049	2506	陆	52	0.005976	98.563897
1050	299	g	51	0.005861	98.569757
1051	1136	剩	51	0.005861	98.575618
1052	1145	努	51	0.005861	98.581479
1053	1247	咋	51	0.005861	98.587339
1054	2585	鲁	51	0.005861	98.593200
1055	715	so	50	0.005746	98.598946
1056	1181	卷	50	0.005746	98.604692
1057	1271	哭	50	0.005746	98.610438
1058	2306	订	50	0.005746	98.616183
1059	2359	账	50	0.005746	98.621929
1060	497	my	49	0.005631	98.627560
1061	908	x	49	0.005631	98.633191
1062	1274	唉	49	0.005631	98.638822
1063	1341	均	49	0.005631	98.644453
1064	1344	坑	49	0.005631	98.650084
1065	1351	坦	49	0.005631	98.655714
1066	1795	杯	49	0.005631	98.661345
1067	83	be	48	0.005516	98.666861
1068	1073	党	48	0.005516	98.672377
1069	1118	刑	48	0.005516	98.677893
1070	1536	归	48	0.005516	98.683409
1071	1684	插	48	0.005516	98.688925
1072	1688	搜	48	0.005516	98.694441
1073	1955	牙	48	0.005516	98.699957
1074	2002	略	48	0.005516	98.705473
1075	800	time	47	0.005401	98.710874
1076	948	串	47	0.005401	98.716275
1077	1055	偷	47	0.005401	98.721676
1078	1451	宾	47	0.005401	98.727077
1079	1417	婆	46	0.005286	98.732363
1080	1996	申	46	0.005286	98.737649
1081	2443	逐	46	0.005286	98.742936
1082	2518	雄	46	0.005286	98.748222
1083	1295	喷	45	0.005171	98.753393
1084	1361	堆	45	0.005171	98.758564
1085	1759	曲	45	0.005171	98.763735
1086	1778	朱	45	0.005171	98.768907
1087	1967	猜	45	0.005171	98.774078
1088	2137	纳	45	0.005171	98.779249
1089	2161	综	45	0.005171	98.784420
1090	885	what	44	0.005056	98.789476
1091	1091	冒	44	0.005056	98.794533
1092	1890	浙	44	0.005056	98.799589
1093	2163	缩	44	0.005056	98.804645
1094	2331	询	44	0.005056	98.809702
1095	2433	述	44	0.005056	98.814758
1096	2514	陪	44	0.005056	98.819814
1097	1059	傻	43	0.004941	98.824756
1098	1146	劳	43	0.004941	98.829697
1099	1471	尼	43	0.004941	98.834638
1100	1576	恐	43	0.004941	98.839580
1101	2365	贴	43	0.004941	98.844521
1102	2383	赵	43	0.004941	98.849463
1103	1035	促	42	0.004826	98.854289
1104	1312	嘴	42	0.004826	98.859115
1105	1928	炒	42	0.004826	98.863942
1106	2140	纸	42	0.004826	98.868768
1107	2588	鸟	42	0.004826	98.873595
1108	174	d	41	0.004712	98.878306
1109	435	like	41	0.004712	98.883018
1110	1253	咬	41	0.004712	98.887730
1111	2069	秋	41	0.004712	98.892441
1112	2544	顿	41	0.004712	98.897153
1113	329	have	40	0.004597	98.901749
1114	782	they	40	0.004597	98.906346
1115	1310	嘞	40	0.004597	98.910943
1116	1648	拥	40	0.004597	98.915539
1117	1751	晓	40	0.004597	98.920136
1118	1764	替	40	0.004597	98.924732
1119	1942	熊	40	0.004597	98.929329
1120	2093	窝	40	0.004597	98.933926
1121	2264	虫	40	0.004597	98.938522
1122	2355	豪	40	0.004597	98.943119
1123	396	it's	39	0.004482	98.947601
1124	1025	佛	39	0.004482	98.952082
1125	1445	宣	39	0.004482	98.956564
1126	1548	徐	39	0.004482	98.961046
1127	1951	爽	39	0.004482	98.965528
1128	1982	瑞	39	0.004482	98.970009
1129	1108	凡	38	0.004367	98.974376
1130	1615	扣	38	0.004367	98.978743
1131	1630	抗	38	0.004367	98.983110
1132	1682	描	38	0.004367	98.987476
1133	2376	赔	38	0.004367	98.991843
1134	1148	勇	37	0.004252	98.996095
1135	1365	塔	37	0.004252	99.000347
1136	1366	填	37	0.004252	99.004599
1137	2261	虎	37	0.004252	99.008851
1138	2432	迪	37	0.004252	99.013103
1139	2434	迷	37	0.004252	99.017355
1140	1066	兄	36	0.004137	99.021492
1141	1239	呗	36	0.004137	99.025629
1142	1450	宽	36	0.004137	99.029766
1143	1915	滚	36	0.004137	99.033902
1144	2152	绕	36	0.004137	99.038039
1145	2391	跌	36	0.004137	99.042176
1146	2538	页	36	0.004137	99.046313
1147	2595	默	36	0.004137	99.050450
1148	407	k	35	0.004022	99.054472
1149	1110	凯	35	0.004022	99.058494
1150	1263	哒	35	0.004022	99.062517
1151	1422	嫩	35	0.004022	99.066539
1152	1534	弱	35	0.004022	99.070561
1153	1823	桥	35	0.004022	99.074583
1154	1988	甘	35	0.004022	99.078605
1155	2006	疼	35	0.004022	99.082627
1156	2013	癌	35	0.004022	99.086649
1157	2090	窗	35	0.004022	99.090671
1158	2367	贷	35	0.004022	99.094693
1159	2478	鉴	35	0.004022	99.098715
1160	60	as	34	0.003907	99.102622
1161	121	can	34	0.003907	99.106529
1162	540	one	34	0.003907	99.110436
1163	1226	吨	34	0.003907	99.114344
1164	1924	灭	34	0.003907	99.118251
1165	2202	胖	34	0.003907	99.122158
1166	2575	骂	34	0.003907	99.126065
1167	115	but	33	0.003792	99.129857
1168	1056	偿	33	0.003792	99.133649
1169	1231	吹	33	0.003792	99.137442
1170	1644	拔	33	0.003792	99.141234
1171	1713	敏	33	0.003792	99.145026
1172	2201	胎	33	0.003792	99.148818
1173	2231	若	33	0.003792	99.152611
1174	2325	诈	33	0.003792	99.156403
1175	2395	跨	33	0.003792	99.160195
1176	1404	妙	32	0.003677	99.163872
1177	1696	撤	32	0.003677	99.167550
1178	1762	曼	32	0.003677	99.171227
1179	2082	穷	32	0.003677	99.174904
1180	851	v	31	0.003562	99.178467
1181	1244	呵	31	0.003562	99.182029
1182	1414	娘	31	0.003562	99.185591
1183	1466	尚	31	0.003562	99.189154
1184	1694	摸	31	0.003562	99.192716
1185	1790	杠	31	0.003562	99.196279
1186	2141	纽	31	0.003562	99.199841
1187	2181	耐	31	0.003562	99.203403
1188	2375	赏	31	0.003562	99.206966
1189	2469	酿	31	0.003562	99.210528
1190	859	very	30	0.003447	99.213976
1191	912	yeah	30	0.003447	99.217423
1192	1036	俊	30	0.003447	99.220871
1193	1054	偶	30	0.003447	99.224318
1194	1273	哼	30	0.003447	99.227766
1195	1461	尊	30	0.003447	99.231213
1196	1666	捞	30	0.003447	99.234660
1197	1926	灾	30	0.003447	99.238108
1198	2150	绑	30	0.003447	99.241555
1199	2167	罚	30	0.003447	99.245003
1200	2184	耶	30	0.003447	99.248450
1201	2258	薄	30	0.003447	99.251898
1202	2467	酷	30	0.003447	99.255345
1203	518	no	29	0.003333	99.258678
1204	666	s	29	0.003333	99.262010
1205	1290	喊	29	0.003333	99.265343
1206	1719	敲	29	0.003333	99.268676
1207	1900	淘	29	0.003333	99.272008
1208	32	all	28	0.003218	99.275226
1209	204	don't	28	0.003218	99.278443
1210	520	not	28	0.003218	99.281661
1211	1037	俗	28	0.003218	99.284879
1212	1693	摘	28	0.003218	99.288096
1213	1946	爬	28	0.003218	99.291314
1214	1962	狂	28	0.003218	99.294532
1215	2056	碎	28	0.003218	99.297749
1216	417	know	27	0.003103	99.300852
1217	1174	卧	27	0.003103	99.303955
1218	1393	奔	27	0.003103	99.307057
1219	1457	寸	27	0.003103	99.310160
1220	1467	尬	27	0.003103	99.313263
1221	1642	拐	27	0.003103	99.316366
1222	1757	暂	27	0.003103	99.319468
1223	1836	横	27	0.003103	99.322571
1224	2110	筹	27	0.003103	99.325674
1225	2333	详	27	0.003103	99.328777
1226	2340	诺	27	0.003103	99.331879
1227	2454	遭	27	0.003103	99.334982
1228	117	by	26	0.002988	99.337970
1229	336	here	26	0.002988	99.340958
1230	367	if	26	0.002988	99.343945
1231	623	q	26	0.002988	99.346933
1232	829	two	26	0.002988	99.349921
1233	1473	尿	26	0.002988	99.352909
1234	1562	忽	26	0.002988	99.355897
1235	1578	恩	26	0.002988	99.358884
1236	1704	擦	26	0.002988	99.361872
1237	1761	曹	26	0.002988	99.364860
1238	1837	欠	26	0.002988	99.367848
1239	1852	残	26	0.002988	99.370836
1240	2139	纷	26	0.002988	99.373824
1241	2246	萄	26	0.002988	99.376811
1242	2250	葡	26	0.002988	99.379799
1243	2481	钓	26	0.002988	99.382787
1244	62	at	25	0.002873	99.385660
1245	473	me	25	0.002873	99.388533
1246	773	that's	25	0.002873	99.391406
1247	873	was	25	0.002873	99.394279
1248	935	丑	25	0.002873	99.397151
1249	970	予	25	0.002873	99.400024
1250	1469	尺	25	0.002873	99.402897
1251	1475	屁	25	0.002873	99.405770
1252	1659	挖	25	0.002873	99.408643
1253	1873	沟	25	0.002873	99.411516
1254	2190	聪	25	0.002873	99.414389
1255	2406	躺	25	0.002873	99.417262
1256	910	y	24	0.002758	99.420020
1257	997	仓	24	0.002758	99.422778
1258	1047	债	24	0.002758	99.425536
1259	2099	童	24	0.002758	99.428294
1260	2159	绳	24	0.002758	99.431052
1261	2370	贼	24	0.002758	99.433810
1262	2445	逛	24	0.002758	99.436568
1263	2519	雅	24	0.002758	99.439326
1264	571	p	23	0.002643	99.441969
1265	609	pro	23	0.002643	99.444612
1266	775	their	23	0.002643	99.447255
1267	844	up	23	0.002643	99.449898
1268	1389	夺	23	0.002643	99.452541
1269	1424	孔	23	0.002643	99.455184
1270	1580	恰	23	0.002643	99.457827
1271	1794	杭	23	0.002643	99.460470
1272	2038	督	23	0.002643	99.463113
1273	2122	粗	23	0.002643	99.465756
1274	2583	魂	23	0.002643	99.468399
1275	10	about	22	0.002528	99.470927
1276	567	out	22	0.002528	99.473456
1277	898	with	22	0.002528	99.475984
1278	1353	垃	22	0.002528	99.478512
1279	1363	堵	22	0.002528	99.481040
1280	1918	漏	22	0.002528	99.483568
1281	2377	赖	22	0.002528	99.486096
1282	2420	辩	22	0.002528	99.488624
1283	330	he	21	0.002413	99.491038
1284	406	just	21	0.002413	99.493451
1285	921	your	21	0.002413	99.495864
1286	1151	勤	21	0.002413	99.498277
1287	1321	囊	21	0.002413	99.500691
1288	2248	萨	21	0.002413	99.503104
1289	254	f	20	0.002298	99.505402
1290	313	good	20	0.002298	99.507701
1291	1297	喽	20	0.002298	99.509999
1292	1413	娃	20	0.002298	99.512297
1293	1582	悔	20	0.002298	99.514595
1294	1584	悬	20	0.002298	99.516894
1295	1620	扰	20	0.002298	99.519192
1296	1629	抖	20	0.002298	99.521490
1297	1938	烹	20	0.002298	99.523789
1298	2371	贾	20	0.002298	99.526087
1299	42	an	19	0.002183	99.528270
1300	293	from	19	0.002183	99.530454
1301	355	i'm	19	0.002183	99.532637
1302	458	m	19	0.002183	99.534821
1303	498	n	19	0.002183	99.537004
1304	927	丁	19	0.002183	99.539187
1305	1158	匹	19	0.002183	99.541371
1306	1284	啪	19	0.002183	99.543554
1307	1349	坡	19	0.002183	99.545738
1308	1388	夸	19	0.002183	99.547921
1309	1489	崩	19	0.002183	99.550104
1310	1826	棉	19	0.002183	99.552288
1311	1895	涛	19	0.002183	99.554471
1312	1966	猛	19	0.002183	99.556655
1313	2327	诊	19	0.002183	99.558838
1314	2386	趁	19	0.002183	99.561021
1315	2417	辉	19	0.002183	99.563205
1316	2439	逆	19	0.002183	99.565388
1317	2557	飘	19	0.002183	99.567572
1318	2565	饿	19	0.002183	99.569755
1319	968	乳	18	0.002068	99.571824
1320	1965	狼	18	0.002068	99.573892
1321	1970	猴	18	0.002068	99.575961
1322	2347	谋	18	0.002068	99.578029
1323	2398	踏	18	0.002068	99.580097
1324	2457	邓	18	0.002068	99.582166
1325	2579	骚	18	0.002068	99.584234
1326	201	does	17	0.001954	99.586188
1327	307	get	17	0.001954	99.588142
1328	751	t	17	0.001954	99.590095
1329	1291	喘	17	0.001954	99.592049
1330	1298	嗓	17	0.001954	99.594002
1331	1442	宠	17	0.001954	99.595956
1332	1554	忍	17	0.001954	99.597909
1333	1695	撒	17	0.001954	99.599863
1334	1750	晒	17	0.001954	99.601817
1335	1752	晕	17	0.001954	99.603770
1336	1829	森	17	0.001954	99.605724
1337	1904	渠	17	0.001954	99.607677
1338	1905	渣	17	0.001954	99.609631
1339	1933	烂	17	0.001954	99.611584
1340	2043	矛	17	0.001954	99.613538
1341	2046	矮	17	0.001954	99.615492
1342	2318	讼	17	0.001954	99.617445
1343	2582	鬼	17	0.001954	99.619399
1344	52	app	16	0.001839	99.621237
1345	549	or	16	0.001839	99.623076
1346	563	our	16	0.001839	99.624915
1347	679	see	16	0.001839	99.626753
1348	776	them	16	0.001839	99.628592
1349	975	亏	16	0.001839	99.630431
1350	1072	兔	16	0.001839	99.632269
1351	1631	抛	16	0.001839	99.634108
1352	1692	摔	16	0.001839	99.635947
1353	1770	朗	16	0.001839	99.637785
1354	1931	炮	16	0.001839	99.639624
1355	2214	臭	16	0.001839	99.641463
1356	2380	赣	16	0.001839	99.643301
1357	492	more	15	0.001724	99.645025
1358	580	people	15	0.001724	99.646749
1359	658	right	15	0.001724	99.648472
1360	787	think	15	0.001724	99.650196
1361	1058	催	15	0.001724	99.651920
1362	1097	冯	15	0.001724	99.653644
1363	1182	卸	15	0.001724	99.655367
1364	1597	懒	15	0.001724	99.657091
1365	1618	扭	15	0.001724	99.658815
1366	1691	摇	15	0.001724	99.660539
1367	2129	紫	15	0.001724	99.662262
1368	2521	雕	15	0.001724	99.663986
1369	176	day	14	0.001609	99.665595
1370	443	lo	14	0.001609	99.667204
1371	1168	卓	14	0.001609	99.668813
1372	1434	宅	14	0.001609	99.670421
1373	1454	寝	14	0.001609	99.672030
1374	1739	昌	14	0.001609	99.673639
1375	1788	杜	14	0.001609	99.675248
1376	2039	瞎	14	0.001609	99.676857
1377	2049	砍	14	0.001609	99.678465
1378	2199	胆	14	0.001609	99.680074
1379	2240	荒	14	0.001609	99.681683
1380	2270	蛇	14	0.001609	99.683292
1381	2369	贺	14	0.001609	99.684901
1382	2405	躲	14	0.001609	99.686510
1383	2462	郭	14	0.001609	99.688118
1384	2596	鼻	14	0.001609	99.689727
1385	89	because	13	0.001494	99.691221
1386	349	how	13	0.001494	99.692715
1387	441	little	13	0.001494	99.694209
1388	777	then	13	0.001494	99.695703
1389	781	these	13	0.001494	99.697197
1390	831	u	13	0.001494	99.698691
1391	881	well	13	0.001494	99.700185
1392	887	when	13	0.001494	99.701678
1393	894	will	13	0.001494	99.703172
1394	904	world	13	0.001494	99.704666
1395	1033	侠	13	0.001494	99.706160
1396	1348	坠	13	0.001494	99.707654
1397	1357	埋	13	0.001494	99.709148
1398	1612	扔	13	0.001494	99.710642
1399	1619	扯	13	0.001494	99.712136
1400	1897	涮	13	0.001494	99.713630
1401	1944	熬	13	0.001494	99.715124
1402	2020	盆	13	0.001494	99.716618
1403	2138	纵	13	0.001494	99.718111
1404	2389	趟	13	0.001494	99.719605
1405	2399	踢	13	0.001494	99.721099
1406	2529	霸	13	0.001494	99.722593
1407	77	back	12	0.001379	99.723972
1408	311	going	12	0.001379	99.725351
1409	325	had	12	0.001379	99.726730
1410	328	has	12	0.001379	99.728109
1411	523	number	12	0.001379	99.729488
1412	638	really	12	0.001379	99.730867
1413	673	say	12	0.001379	99.732246
1414	847	us	12	0.001379	99.733625
1415	905	would	12	0.001379	99.735004
1416	916	yes	12	0.001379	99.736383
1417	1152	勺	12	0.001379	99.737762
1418	1266	哟	12	0.001379	99.739141
1419	1610	扑	12	0.001379	99.740520
1420	1643	拓	12	0.001379	99.741899
1421	1664	捆	12	0.001379	99.743278
1422	1887	浅	12	0.001379	99.744657
1423	1930	炫	12	0.001379	99.746036
1424	1986	瓦	12	0.001379	99.747415
1425	2008	痕	12	0.001379	99.748794
1426	2026	盟	12	0.001379	99.750173
1427	2059	磊	12	0.001379	99.751552
1428	2086	窃	12	0.001379	99.752931
1429	2455	遮	12	0.001379	99.754310
1430	2568	馈	12	0.001379	99.755689
1431	28	air	11	0.001264	99.756953
1432	91	been	11	0.001264	99.758217
1433	231	end	11	0.001264	99.759481
1434	274	five	11	0.001264	99.760745
1435	323	h	11	0.001264	99.762009
1436	464	make	11	0.001264	99.763273
1437	717	some	11	0.001264	99.764537
1438	835	uh	11	0.001264	99.765802
1439	871	want	11	0.001264	99.767066
1440	876	way	11	0.001264	99.768330
1441	889	which	11	0.001264	99.769594
1442	961	乖	11	0.001264	99.770858
1443	1257	哄	11	0.001264	99.772122
1444	1352	垂	11	0.001264	99.773386
1445	1586	惨	11	0.001264	99.774650
1446	1882	洒	11	0.001264	99.775914
1447	1914	溜	11	0.001264	99.777178
1448	2109	筛	11	0.001264	99.778442
1449	2348	谎	11	0.001264	99.779706
1450	152	come	10	0.001149	99.780855
1451	419	l	10	0.001149	99.782005
1452	512	next	10	0.001149	99.783154
1453	521	now	10	0.001149	99.784303
1454	524	o	10	0.001149	99.785452
1455	542	only	10	0.001149	99.786601
1456	596	point	10	0.001149	99.787750
1457	694	she	10	0.001149	99.788900
1458	779	there	10	0.001149	99.790049
1459	837	um	10	0.001149	99.791198
1460	914	years	10	0.001149	99.792347
1461	1109	凤	10	0.001149	99.793496
1462	1134	剖	10	0.001149	99.794645
1463	1138	劝	10	0.001149	99.795795
1464	1200	叠	10	0.001149	99.796944
1465	1350	坤	10	0.001149	99.798093
1466	1827	棍	10	0.001149	99.799242
1467	1849	歪	10	0.001149	99.800391
1468	2182	耕	10	0.001149	99.801540
1469	2189	聘	10	0.001149	99.802689
1470	2237	茄	10	0.001149	99.803839
1471	2549	颖	10	0.001149	99.804988
1472	35	also	9	0.001034	99.806022
1473	278	food	9	0.001034	99.807056
1474	451	look	9	0.001034	99.808091
1475	493	most	9	0.001034	99.809125
1476	496	much	9	0.001034	99.810159
1477	506	need	9	0.001034	99.811193
1478	554	other	9	0.001034	99.812228
1479	570	own	9	0.001034	99.813262
1480	631	r	9	0.001034	99.814296
1481	718	something	9	0.001034	99.815330
1482	755	take	9	0.001034	99.816364
1483	797	through	9	0.001034	99.817399
1484	801	times	9	0.001034	99.818433
1485	818	try	9	0.001034	99.819467
1486	867	w	9	0.001034	99.820501
1487	953	乃	9	0.001034	99.821536
1488	1392	奏	9	0.001034	99.822570
1489	1438	宙	9	0.001034	99.823604
1490	1569	怒	9	0.001034	99.824638
1491	1614	扛	9	0.001034	99.825673
1492	1661	挪	9	0.001034	99.826707
1493	1908	渴	9	0.001034	99.827741
1494	2173	翁	9	0.001034	99.828775
1495	2262	虐	9	0.001034	99.829810
1496	2363	贬	9	0.001034	99.830844
1497	2480	钉	9	0.001034	99.831878
1498	2553	颠	9	0.001034	99.832912
1499	165	could	8	0.000919	99.833832
1500	191	did	8	0.000919	99.834751
1501	202	doing	8	0.000919	99.835670
1502	249	every	8	0.000919	99.836590
1503	263	feel	8	0.000919	99.837509
1504	284	four	8	0.000919	99.838428
1505	343	home	8	0.000919	99.839348
1506	348	house	8	0.000919	99.840267
1507	390	into	8	0.000919	99.841186
1508	414	kind	8	0.000919	99.842106
1509	434	life	8	0.000919	99.843025
1510	449	long	8	0.000919	99.843944
1511	511	new	8	0.000919	99.844864
1512	699	should	8	0.000919	99.845783
1513	770	thank	8	0.000919	99.846702
1514	812	top	8	0.000919	99.847622
1515	828	twenty	8	0.000919	99.848541
1516	848	use	8	0.000919	99.849460
1517	891	who	8	0.000919	99.850380
1518	892	why	8	0.000919	99.851299
1519	1157	匪	8	0.000919	99.852218
1520	1235	呆	8	0.000919	99.853138
1521	1237	呐	8	0.000919	99.854057
1522	1369	壤	8	0.000919	99.854976
1523	1680	掰	8	0.000919	99.855896
1524	1687	搓	8	0.000919	99.856815
1525	1811	栓	8	0.000919	99.857734
1526	1921	潘	8	0.000919	99.858654
1527	1927	灿	8	0.000919	99.859573
1528	1959	犬	8	0.000919	99.860492
1529	2228	芦	8	0.000919	99.861411
1530	2379	赠	8	0.000919	99.862331
1531	37	am	7	0.000804	99.863135
1532	114	business	7	0.000804	99.863940
1533	338	high	7	0.000804	99.864744
1534	339	him	7	0.000804	99.865548
1535	437	line	7	0.000804	99.866353
1536	461	machine	7	0.000804	99.867157
1537	465	man	7	0.000804	99.867962
1538	530	oh	7	0.000804	99.868766
1539	569	over	7	0.000804	99.869571
1540	796	three	7	0.000804	99.870375
1541	1149	勋	7	0.000804	99.871179
1542	1252	咪	7	0.000804	99.871984
1543	1289	喇	7	0.000804	99.872788
1544	1395	奢	7	0.000804	99.873593
1545	1820	桑	7	0.000804	99.874397
1546	2104	笨	7	0.000804	99.875201
1547	2174	翠	7	0.000804	99.876006
1548	2290	裸	7	0.000804	99.876810
1549	2402	蹭	7	0.000804	99.877615
1550	98	big	6	0.000689	99.878304
1551	206	down	6	0.000689	99.878994
1552	309	give	6	0.000689	99.879683
1553	318	great	6	0.000689	99.880373
1554	335	her	6	0.000689	99.881062
1555	432	let	6	0.000689	99.881752
1556	514	nice	6	0.000689	99.882441
1557	622	put	6	0.000689	99.883131
1558	671	same	6	0.000689	99.883820
1559	769	than	6	0.000689	99.884510
1560	785	thing	6	0.000689	99.885199
1561	791	those	6	0.000689	99.885889
1562	794	thousand	6	0.000689	99.886578
1563	841	under	6	0.000689	99.887268
1564	863	view	6	0.000689	99.887957
1565	883	were	6	0.000689	99.888647
1566	888	where	6	0.000689	99.889336
1567	895	win	6	0.000689	99.890026
1568	923	z	6	0.000689	99.890715
1569	1062	僧	6	0.000689	99.891405
1570	1105	凑	6	0.000689	99.892094
1571	1604	戳	6	0.000689	99.892784
1572	1665	捏	6	0.000689	99.893473
1573	1738	昂	6	0.000689	99.894163
1574	1748	晃	6	0.000689	99.894852
1575	1850	歹	6	0.000689	99.895541
1576	1871	沁	6	0.000689	99.896231
1577	2088	窍	6	0.000689	99.896920
1578	2180	耍	6	0.000689	99.897610
1579	2221	艇	6	0.000689	99.898299
1580	2285	袜	6	0.000689	99.898989
1581	2372	赁	6	0.000689	99.899678
1582	2381	赤	6	0.000689	99.900368
1583	2400	踹	6	0.000689	99.901057
1584	2466	酬	6	0.000689	99.901747
1585	2495	闯	6	0.000689	99.902436
1586	2497	闸	6	0.000689	99.903126
1587	2503	陀	6	0.000689	99.903815
1588	36	always	5	0.000575	99.904390
1589	46	another	5	0.000575	99.904965
1590	61	ask	5	0.000575	99.905539
1591	93	being	5	0.000575	99.906114
1592	95	best	5	0.000575	99.906688
1593	107	break	5	0.000575	99.907263
1594	116	buy	5	0.000575	99.907837
1595	142	city	5	0.000575	99.908412
1596	221	ed	5	0.000575	99.908987
1597	337	hi	5	0.000575	99.909561
1598	452	looking	5	0.000575	99.910136
1599	453	lot	5	0.000575	99.910710
1600	575	part	5	0.000575	99.911285
1601	687	service	5	0.000575	99.911860
1602	764	ten	5	0.000575	99.912434
1603	783	they're	5	0.000575	99.913009
1604	811	too	5	0.000575	99.913583
1605	890	while	5	0.000575	99.914158
1606	1096	冤	5	0.000575	99.914732
1607	1111	凹	5	0.000575	99.915307
1608	1150	勘	5	0.000575	99.915882
1609	1232	吼	5	0.000575	99.916456
1610	1329	囤	5	0.000575	99.917031
1611	1405	妞	5	0.000575	99.917605
1612	1488	岭	5	0.000575	99.918180
1613	1653	拽	5	0.000575	99.918754
1614	1669	捧	5	0.000575	99.919329
1615	1674	掐	5	0.000575	99.919904
1616	1808	柳	5	0.000575	99.920478
1617	1809	柴	5	0.000575	99.921053
1618	1901	淤	5	0.000575	99.921627
1619	1922	瀑	5	0.000575	99.922202
1620	1939	焖	5	0.000575	99.922777
1621	1945	爪	5	0.000575	99.923351
1622	1993	甩	5	0.000575	99.923926
1623	2053	硕	5	0.000575	99.924500
1624	2087	窄	5	0.000575	99.925075
1625	2092	窜	5	0.000575	99.925649
1626	2222	艘	5	0.000575	99.926224
1627	2238	茫	5	0.000575	99.926799
1628	2251	葬	5	0.000575	99.927373
1629	2319	讽	5	0.000575	99.927948
1630	2401	蹦	5	0.000575	99.928522
1631	2411	轰	5	0.000575	99.929097
1632	9	able	4	0.000460	99.929557
1633	18	ad	4	0.000460	99.930016
1634	22	after	4	0.000460	99.930476
1635	29	al	4	0.000460	99.930936
1636	50	any	4	0.000460	99.931395
1637	56	area	4	0.000460	99.931855
1638	92	before	4	0.000460	99.932315
1639	139	china	4	0.000460	99.932774
1640	151	com	4	0.000460	99.933234
1641	212	e	4	0.000460	99.933694
1642	214	each	4	0.000460	99.934153
1643	225	eight	4	0.000460	99.934613
1644	247	even	4	0.000460	99.935073
1645	264	few	4	0.000460	99.935532
1646	352	hundred	4	0.000460	99.935992
1647	454	low	4	0.000460	99.936452
1648	466	many	4	0.000460	99.936911
1649	509	net	4	0.000460	99.937371
1650	510	never	4	0.000460	99.937831
1651	590	place	4	0.000460	99.938290
1652	636	read	4	0.000460	99.938750
1653	668	said	4	0.000460	99.939210
1654	681	self	4	0.000460	99.939669
1655	700	show	4	0.000460	99.940129
1656	780	there's	4	0.000460	99.940589
1657	786	things	4	0.000460	99.941048
1658	789	thirty	4	0.000460	99.941508
1659	875	water	4	0.000460	99.941967
1660	886	what's	4	0.000460	99.942427
1661	903	work	4	0.000460	99.942887
1662	913	year	4	0.000460	99.943346
1663	1042	俺	4	0.000460	99.943806
1664	1074	兜	4	0.000460	99.944266
1665	1223	吞	4	0.000460	99.944725
1666	1272	哲	4	0.000460	99.945185
1667	1294	喵	4	0.000460	99.945645
1668	1307	嗽	4	0.000460	99.946104
1669	1347	坟	4	0.000460	99.946564
1670	1419	嫂	4	0.000460	99.947024
1671	1480	屌	4	0.000460	99.947483
1672	1577	恨	4	0.000460	99.947943
1673	1594	憋	4	0.000460	99.948403
1674	1685	揣	4	0.000460	99.948862
1675	1870	汪	4	0.000460	99.949322
1676	2034	眨	4	0.000460	99.949782
1677	2373	赃	4	0.000460	99.950241
1678	2562	饨	4	0.000460	99.950701
1679	19	add	3	0.000345	99.951046
1680	24	again	3	0.000345	99.951391
1681	57	around	3	0.000345	99.951735
1682	123	car	3	0.000345	99.952080
1683	234	enjoy	3	0.000345	99.952425
1684	269	fifty	3	0.000345	99.952770
1685	271	find	3	0.000345	99.953114
1686	283	found	3	0.000345	99.953459
1687	290	friend	3	0.000345	99.953804
1688	295	front	3	0.000345	99.954149
1689	302	garden	3	0.000345	99.954493
1690	314	got	3	0.000345	99.954838
1691	334	help	3	0.000345	99.955183
1692	340	his	3	0.000345	99.955528
1693	401	its	3	0.000345	99.955872
1694	415	king	3	0.000345	99.956217
1695	424	last	3	0.000345	99.956562
1696	447	location	3	0.000345	99.956907
1697	457	ly	3	0.000345	99.957251
1698	490	money	3	0.000345	99.957596
1699	516	nine	3	0.000345	99.957941
1700	528	off	3	0.000345	99.958286
1701	532	okay	3	0.000345	99.958630
1702	534	old	3	0.000345	99.958975
1703	550	order	3	0.000345	99.959320
1704	593	please	3	0.000345	99.959665
1705	691	seven	3	0.000345	99.960009
1706	703	side	3	0.000345	99.960354
1707	710	six	3	0.000345	99.960699
1708	720	soon	3	0.000345	99.961044
1709	722	sorry	3	0.000345	99.961388
1710	737	still	3	0.000345	99.961733
1711	746	such	3	0.000345	99.962078
1712	808	today	3	0.000345	99.962423
1713	879	we're	3	0.000345	99.962767
1714	920	you're	3	0.000345	99.963112
1715	945	丧	3	0.000345	99.963457
1716	1254	咯	3	0.000345	99.963802
1717	1269	哩	3	0.000345	99.964146
1718	1415	娟	3	0.000345	99.964491
1719	1456	寡	3	0.000345	99.964836
1720	1478	屉	3	0.000345	99.965180
1721	1566	怂	3	0.000345	99.965525
1722	1651	拱	3	0.000345	99.965870
1723	1660	挠	3	0.000345	99.966215
1724	1699	撰	3	0.000345	99.966559
1725	1736	旯	3	0.000345	99.966904
1726	2274	蠢	3	0.000345	99.967249
1727	2284	袍	3	0.000345	99.967594
1728	2291	褪	3	0.000345	99.967938
1729	2446	逞	3	0.000345	99.968283
1730	2564	饶	3	0.000345	99.968628
1731	2580	髓	3	0.000345	99.968973
1732	8	ab	2	0.000230	99.969203
1733	17	actually	2	0.000230	99.969432
1734	64	ate	2	0.000230	99.969662
1735	74	ay	2	0.000230	99.969892
1736	85	beach	2	0.000230	99.970122
1737	96	better	2	0.000230	99.970352
1738	122	can't	2	0.000230	99.970582
1739	127	center	2	0.000230	99.970811
1740	147	close	2	0.000230	99.971041
1741	185	der	2	0.000230	99.971271
1742	192	didn't	2	0.000230	99.971501
1743	194	different	2	0.000230	99.971731
1744	235	ent	2	0.000230	99.971961
1745	238	er	2	0.000230	99.972190
1746	241	ers	2	0.000230	99.972420
1747	259	family	2	0.000230	99.972650
1748	260	fast	2	0.000230	99.972880
1749	282	forty	2	0.000230	99.973110
1750	287	free	2	0.000230	99.973340
1751	320	gu	2	0.000230	99.973569
1752	344	hope	2	0.000230	99.973799
1753	359	ice	2	0.000230	99.974029
1754	388	inter	2	0.000230	99.974259
1755	403	j	2	0.000230	99.974489
1756	422	land	2	0.000230	99.974719
1757	426	le	2	0.000230	99.974948
1758	431	less	2	0.000230	99.975178
1759	462	made	2	0.000230	99.975408
1760	474	mean	2	0.000230	99.975638
1761	476	men	2	0.000230	99.975868
1762	515	night	2	0.000230	99.976098
1763	546	ook	2	0.000230	99.976327
1764	574	park	2	0.000230	99.976557
1765	600	pos	2	0.000230	99.976787
1766	612	problem	2	0.000230	99.977017
1767	614	product	2	0.000230	99.977247
1768	615	products	2	0.000230	99.977476
1769	625	quality	2	0.000230	99.977706
1770	690	set	2	0.000230	99.977936
1771	692	sh	2	0.000230	99.978166
1772	711	size	2	0.000230	99.978396
1773	714	small	2	0.000230	99.978626
1774	753	table	2	0.000230	99.978855
1775	757	talk	2	0.000230	99.979085
1776	778	ther	2	0.000230	99.979315
1777	882	wer	2	0.000230	99.979545
1778	939	丙	2	0.000230	99.979775
1779	1013	伞	2	0.000230	99.980005
1780	1057	傀	2	0.000230	99.980234
1781	1106	凛	2	0.000230	99.980464
1782	1176	卯	2	0.000230	99.980694
1783	1180	卵	2	0.000230	99.980924
1784	1250	咧	2	0.000230	99.981154
1785	1275	唬	2	0.000230	99.981384
1786	1308	嘚	2	0.000230	99.981613
1787	1320	嚷	2	0.000230	99.981843
1788	1356	垮	2	0.000230	99.982073
1789	1406	妥	2	0.000230	99.982303
1790	1407	妮	2	0.000230	99.982533
1791	1641	拎	2	0.000230	99.982763
1792	1681	掺	2	0.000230	99.982992
1793	1690	摁	2	0.000230	99.983222
1794	1780	朽	2	0.000230	99.983452
1795	1898	淆	2	0.000230	99.983682
1796	1934	烙	2	0.000230	99.983912
1797	2005	疵	2	0.000230	99.984142
1798	2014	癣	2	0.000230	99.984371
1799	2107	筐	2	0.000230	99.984601
1800	2118	簪	2	0.000230	99.984831
1801	2208	腮	2	0.000230	99.985061
1802	2210	膊	2	0.000230	99.985291
1803	2244	莽	2	0.000230	99.985521
1804	2259	薛	2	0.000230	99.985750
1805	2283	袄	2	0.000230	99.985980
1806	2338	诶	2	0.000230	99.986210
1807	2353	豁	2	0.000230	99.986440
1808	2362	贪	2	0.000230	99.986670
1809	2460	郝	2	0.000230	99.986900
1810	16	act	1	0.000115	99.987015
1811	41	america	1	0.000115	99.987129
1812	53	ar	1	0.000115	99.987244
1813	73	away	1	0.000115	99.987359
1814	79	ban	1	0.000115	99.987474
1815	80	bar	1	0.000115	99.987589
1816	90	bed	1	0.000115	99.987704
1817	99	bit	1	0.000115	99.987819
1818	101	ble	1	0.000115	99.987934
1819	104	both	1	0.000115	99.988049
1820	110	bu	1	0.000115	99.988164
1821	124	ce	1	0.000115	99.988279
1822	130	ces	1	0.000115	99.988393
1823	131	ch	1	0.000115	99.988508
1824	132	cha	1	0.000115	99.988623
1825	137	check	1	0.000115	99.988738
1826	160	contact	1	0.000115	99.988853
1827	177	days	1	0.000115	99.988968
1828	184	den	1	0.000115	99.989083
1829	199	dn't	1	0.000115	99.989198
1830	208	ds	1	0.000115	99.989313
1831	216	ear	1	0.000115	99.989428
1832	217	ears	1	0.000115	99.989543
1833	227	ell	1	0.000115	99.989658
1834	229	en	1	0.000115	99.989772
1835	242	es	1	0.000115	99.989887
1836	253	ey	1	0.000115	99.990002
1837	270	fin	1	0.000115	99.990117
1838	272	fir	1	0.000115	99.990232
1839	273	first	1	0.000115	99.990347
1840	281	form	1	0.000115	99.990462
1841	291	friendly	1	0.000115	99.990577
1842	303	ge	1	0.000115	99.990692
1843	364	id	1	0.000115	99.990807
1844	378	ina	1	0.000115	99.990922
1845	382	ine	1	0.000115	99.991037
1846	392	ir	1	0.000115	99.991151
1847	397	ite	1	0.000115	99.991266
1848	408	ke	1	0.000115	99.991381
1849	409	ked	1	0.000115	99.991496
1850	468	mat	1	0.000115	99.991611
1851	470	maybe	1	0.000115	99.991726
1852	477	ment	1	0.000115	99.991841
1853	481	might	1	0.000115	99.991956
1854	487	mm	1	0.000115	99.992071
1855	504	near	1	0.000115	99.992186
1856	507	ner	1	0.000115	99.992301
1857	578	pen	1	0.000115	99.992416
1858	581	per	1	0.000115	99.992530
1859	586	picture	1	0.000115	99.992645
1860	597	pool	1	0.000115	99.992760
1861	601	possible	1	0.000115	99.992875
1862	617	provide	1	0.000115	99.992990
1863	618	ps	1	0.000115	99.993105
1864	633	ran	1	0.000115	99.993220
1865	637	ready	1	0.000115	99.993335
1866	642	red	1	0.000115	99.993450
1867	645	rence	1	0.000115	99.993565
1868	646	rent	1	0.000115	99.993680
1869	651	rest	1	0.000115	99.993795
1870	662	rooms	1	0.000115	99.993909
1871	663	row	1	0.000115	99.994024
1872	667	sa	1	0.000115	99.994139
1873	696	ship	1	0.000115	99.994254
1874	706	sion	1	0.000115	99.994369
1875	733	states	1	0.000115	99.994484
1876	734	stay	1	0.000115	99.994599
1877	760	ted	1	0.000115	99.994714
1878	762	tell	1	0.000115	99.994829
1879	765	ter	1	0.000115	99.994944
1880	771	thanks	1	0.000115	99.995059
1881	803	tion	1	0.000115	99.995174
1882	804	tions	1	0.000115	99.995288
1883	809	tom	1	0.000115	99.995403
1884	821	tting	1	0.000115	99.995518
1885	830	ty	1	0.000115	99.995633
1886	843	united	1	0.000115	99.995748
1887	849	used	1	0.000115	99.995863
1888	853	ve	1	0.000115	99.995978
1889	877	ways	1	0.000115	99.996093
1890	899	within	1	0.000115	99.996208
1891	924	ze	1	0.000115	99.996323
1892	925	zero	1	0.000115	99.996438
1893	959	乒	1	0.000115	99.996553
1894	1044	倔	1	0.000115	99.996667
1895	1245	呸	1	0.000115	99.996782
1896	1285	啰	1	0.000115	99.996897
1897	1301	嗦	1	0.000115	99.997012
1898	1354	垄	1	0.000115	99.997127
1899	1525	廓	1	0.000115	99.997242
1900	1555	忒	1	0.000115	99.997357
1901	1591	愣	1	0.000115	99.997472
1902	1595	憨	1	0.000115	99.997587
1903	1632	抠	1	0.000115	99.997702
1904	1697	撩	1	0.000115	99.997817
1905	1700	撵	1	0.000115	99.997932
1906	1701	撸	1	0.000115	99.998046
1907	1735	旮	1	0.000115	99.998161
1908	1977	珐	1	0.000115	99.998276
1909	1981	琶	1	0.000115	99.998391
1910	1994	甭	1	0.000115	99.998506
1911	2011	瘪	1	0.000115	99.998621
1912	2012	瘸	1	0.000115	99.998736
1913	2022	盎	1	0.000115	99.998851
1914	2042	瞰	1	0.000115	99.998966
1915	2117	篓	1	0.000115	99.999081
1916	2193	肘	1	0.000115	99.999196
1917	2212	臊	1	0.000115	99.999311
1918	2233	苯	1	0.000115	99.999425
1919	2303	詹	1	0.000115	99.999540
1920	2352	谬	1	0.000115	99.999655
1921	2459	邹	1	0.000115	99.999770
1922	2554	颤	1	0.000115	99.999885
1923	2574	驴	1	0.000115	100.000000
1924	2	'll	0	0.000000	100.000000
1925	3	're	0	0.000000	100.000000
1926	4	's	0	0.000000	100.000000
1927	5	't	0	0.000000	100.000000
1928	6	've	0	0.000000	100.000000
1929	11	ac	0	0.000000	100.000000
1930	12	acc	0	0.000000	100.000000
1931	13	ace	0	0.000000	100.000000
1932	14	ach	0	0.000000	100.000000
1933	15	ack	0	0.000000	100.000000
1934	20	address	0	0.000000	100.000000
1935	21	af	0	0.000000	100.000000
1936	23	ag	0	0.000000	100.000000
1937	25	age	0	0.000000	100.000000
1938	26	ail	0	0.000000	100.000000
1939	27	ain	0	0.000000	100.000000
1940	30	ali	0	0.000000	100.000000
1941	31	ality	0	0.000000	100.000000
1942	33	ally	0	0.000000	100.000000
1943	34	als	0	0.000000	100.000000
1944	38	amen	0	0.000000	100.000000
1945	39	amer	0	0.000000	100.000000
1946	40	americ	0	0.000000	100.000000
1947	43	ance	0	0.000000	100.000000
1948	45	ang	0	0.000000	100.000000
1949	47	ans	0	0.000000	100.000000
1950	48	ant	0	0.000000	100.000000
1951	49	ants	0	0.000000	100.000000
1952	51	ap	0	0.000000	100.000000
1953	54	ard	0	0.000000	100.000000
1954	58	art	0	0.000000	100.000000
1955	59	ary	0	0.000000	100.000000
1956	63	at's	0	0.000000	100.000000
1957	65	ated	0	0.000000	100.000000
1958	66	ati	0	0.000000	100.000000
1959	67	ation	0	0.000000	100.000000
1960	68	ations	0	0.000000	100.000000
1961	69	au	0	0.000000	100.000000
1962	70	av	0	0.000000	100.000000
1963	71	avail	0	0.000000	100.000000
1964	72	available	0	0.000000	100.000000
1965	76	ba	0	0.000000	100.000000
1966	78	bal	0	0.000000	100.000000
1967	81	bas	0	0.000000	100.000000
1968	82	bath	0	0.000000	100.000000
1969	84	bea	0	0.000000	100.000000
1970	86	beau	0	0.000000	100.000000
1971	87	bec	0	0.000000	100.000000
1972	88	beca	0	0.000000	100.000000
1973	94	bel	0	0.000000	100.000000
1974	97	bi	0	0.000000	100.000000
1975	100	bl	0	0.000000	100.000000
1976	102	bo	0	0.000000	100.000000
1977	103	body	0	0.000000	100.000000
1978	105	br	0	0.000000	100.000000
1979	106	brea	0	0.000000	100.000000
1980	108	breakfast	0	0.000000	100.000000
1981	109	bro	0	0.000000	100.000000
1982	111	buil	0	0.000000	100.000000
1983	112	bur	0	0.000000	100.000000
1984	113	busin	0	0.000000	100.000000
1985	119	ca	0	0.000000	100.000000
1986	120	cal	0	0.000000	100.000000
1987	125	cel	0	0.000000	100.000000
1988	126	cen	0	0.000000	100.000000
1989	128	centr	0	0.000000	100.000000
1990	129	cer	0	0.000000	100.000000
1991	133	chan	0	0.000000	100.000000
1992	134	char	0	0.000000	100.000000
1993	135	che	0	0.000000	100.000000
1994	136	chec	0	0.000000	100.000000
1995	138	chil	0	0.000000	100.000000
1996	140	cho	0	0.000000	100.000000
1997	141	ci	0	0.000000	100.000000
1998	143	ck	0	0.000000	100.000000
1999	144	cl	0	0.000000	100.000000
2000	145	cla	0	0.000000	100.000000
2001	146	clo	0	0.000000	100.000000
2002	148	clu	0	0.000000	100.000000
2003	149	co	0	0.000000	100.000000
2004	150	col	0	0.000000	100.000000
2005	153	comfor	0	0.000000	100.000000
2006	154	comm	0	0.000000	100.000000
2007	155	comp	0	0.000000	100.000000
2008	156	company	0	0.000000	100.000000
2009	157	compl	0	0.000000	100.000000
2010	158	con	0	0.000000	100.000000
2011	159	cont	0	0.000000	100.000000
2012	161	conven	0	0.000000	100.000000
2013	162	cor	0	0.000000	100.000000
2014	163	cost	0	0.000000	100.000000
2015	164	cou	0	0.000000	100.000000
2016	166	coun	0	0.000000	100.000000
2017	167	cour	0	0.000000	100.000000
2018	168	cre	0	0.000000	100.000000
2019	169	cu	0	0.000000	100.000000
2020	170	cuis	0	0.000000	100.000000
2021	171	cur	0	0.000000	100.000000
2022	172	cust	0	0.000000	100.000000
2023	173	custom	0	0.000000	100.000000
2024	175	da	0	0.000000	100.000000
2025	178	de	0	0.000000	100.000000
2026	179	dea	0	0.000000	100.000000
2027	180	dear	0	0.000000	100.000000
2028	181	dec	0	0.000000	100.000000
2029	182	ded	0	0.000000	100.000000
2030	183	del	0	0.000000	100.000000
2031	186	des	0	0.000000	100.000000
2032	187	deta	0	0.000000	100.000000
2033	188	details	0	0.000000	100.000000
2034	189	dge	0	0.000000	100.000000
2035	190	di	0	0.000000	100.000000
2036	193	diffe	0	0.000000	100.000000
2037	195	din	0	0.000000	100.000000
2038	196	ding	0	0.000000	100.000000
2039	197	dis	0	0.000000	100.000000
2040	198	dly	0	0.000000	100.000000
2041	203	don	0	0.000000	100.000000
2042	205	door	0	0.000000	100.000000
2043	207	dr	0	0.000000	100.000000
2044	209	du	0	0.000000	100.000000
2045	210	duc	0	0.000000	100.000000
2046	211	dy	0	0.000000	100.000000
2047	213	ea	0	0.000000	100.000000
2048	215	ean	0	0.000000	100.000000
2049	218	ec	0	0.000000	100.000000
2050	219	eci	0	0.000000	100.000000
2051	220	ect	0	0.000000	100.000000
2052	222	een	0	0.000000	100.000000
2053	223	ei	0	0.000000	100.000000
2054	224	eigh	0	0.000000	100.000000
2055	226	el	0	0.000000	100.000000
2056	228	email	0	0.000000	100.000000
2057	230	ence	0	0.000000	100.000000
2058	232	eng	0	0.000000	100.000000
2059	233	enjo	0	0.000000	100.000000
2060	236	enty	0	0.000000	100.000000
2061	237	ep	0	0.000000	100.000000
2062	239	ere	0	0.000000	100.000000
2063	240	ero	0	0.000000	100.000000
2064	243	ess	0	0.000000	100.000000
2065	244	est	0	0.000000	100.000000
2066	245	esti	0	0.000000	100.000000
2067	246	et	0	0.000000	100.000000
2068	248	ever	0	0.000000	100.000000
2069	250	ex	0	0.000000	100.000000
2070	251	exp	0	0.000000	100.000000
2071	252	experi	0	0.000000	100.000000
2072	255	fa	0	0.000000	100.000000
2073	256	fac	0	0.000000	100.000000
2074	257	facil	0	0.000000	100.000000
2075	258	fam	0	0.000000	100.000000
2076	261	fe	0	0.000000	100.000000
2077	262	fea	0	0.000000	100.000000
2078	265	ff	0	0.000000	100.000000
2079	266	ffe	0	0.000000	100.000000
2080	267	fi	0	0.000000	100.000000
2081	268	fif	0	0.000000	100.000000
2082	275	fl	0	0.000000	100.000000
2083	276	fo	0	0.000000	100.000000
2084	277	fol	0	0.000000	100.000000
2085	280	fore	0	0.000000	100.000000
2086	285	fr	0	0.000000	100.000000
2087	286	fre	0	0.000000	100.000000
2088	288	fri	0	0.000000	100.000000
2089	289	frien	0	0.000000	100.000000
2090	292	fro	0	0.000000	100.000000
2091	294	fron	0	0.000000	100.000000
2092	296	ft	0	0.000000	100.000000
2093	297	fu	0	0.000000	100.000000
2094	298	ful	0	0.000000	100.000000
2095	300	ga	0	0.000000	100.000000
2096	301	gar	0	0.000000	100.000000
2097	304	gen	0	0.000000	100.000000
2098	305	ger	0	0.000000	100.000000
2099	306	ges	0	0.000000	100.000000
2100	308	gi	0	0.000000	100.000000
2101	312	goo	0	0.000000	100.000000
2102	315	gr	0	0.000000	100.000000
2103	316	gra	0	0.000000	100.000000
2104	317	gre	0	0.000000	100.000000
2105	319	gs	0	0.000000	100.000000
2106	321	guest	0	0.000000	100.000000
2107	322	guests	0	0.000000	100.000000
2108	324	ha	0	0.000000	100.000000
2109	326	happ	0	0.000000	100.000000
2110	327	har	0	0.000000	100.000000
2111	331	hea	0	0.000000	100.000000
2112	332	hel	0	0.000000	100.000000
2113	341	hmm	0	0.000000	100.000000
2114	342	ho	0	0.000000	100.000000
2115	345	hote	0	0.000000	100.000000
2116	346	hotel	0	0.000000	100.000000
2117	347	hotels	0	0.000000	100.000000
2118	350	hu	0	0.000000	100.000000
2119	351	hund	0	0.000000	100.000000
2120	354	i'	0	0.000000	100.000000
2121	356	ia	0	0.000000	100.000000
2122	357	ic	0	0.000000	100.000000
2123	358	ical	0	0.000000	100.000000
2124	360	ices	0	0.000000	100.000000
2125	361	ich	0	0.000000	100.000000
2126	362	ici	0	0.000000	100.000000
2127	363	ick	0	0.000000	100.000000
2128	365	ie	0	0.000000	100.000000
2129	366	ies	0	0.000000	100.000000
2130	368	ig	0	0.000000	100.000000
2131	369	igh	0	0.000000	100.000000
2132	370	ight	0	0.000000	100.000000
2133	371	il	0	0.000000	100.000000
2134	372	ile	0	0.000000	100.000000
2135	373	ill	0	0.000000	100.000000
2136	374	ils	0	0.000000	100.000000
2137	375	ily	0	0.000000	100.000000
2138	376	im	0	0.000000	100.000000
2139	379	inc	0	0.000000	100.000000
2140	380	inclu	0	0.000000	100.000000
2141	381	ind	0	0.000000	100.000000
2142	383	ing	0	0.000000	100.000000
2143	384	ings	0	0.000000	100.000000
2144	385	inn	0	0.000000	100.000000
2145	386	int	0	0.000000	100.000000
2146	387	inte	0	0.000000	100.000000
2147	389	interested	0	0.000000	100.000000
2148	391	ious	0	0.000000	100.000000
2149	394	ish	0	0.000000	100.000000
2150	398	iti	0	0.000000	100.000000
2151	399	ities	0	0.000000	100.000000
2152	400	ition	0	0.000000	100.000000
2153	402	ity	0	0.000000	100.000000
2154	404	jo	0	0.000000	100.000000
2155	405	ju	0	0.000000	100.000000
2156	410	kes	0	0.000000	100.000000
2157	411	ket	0	0.000000	100.000000
2158	412	kil	0	0.000000	100.000000
2159	413	kin	0	0.000000	100.000000
2160	416	kno	0	0.000000	100.000000
2161	418	ks	0	0.000000	100.000000
2162	420	la	0	0.000000	100.000000
2163	421	lan	0	0.000000	100.000000
2164	423	lar	0	0.000000	100.000000
2165	425	ld	0	0.000000	100.000000
2166	427	lea	0	0.000000	100.000000
2167	428	lear	0	0.000000	100.000000
2168	429	led	0	0.000000	100.000000
2169	430	les	0	0.000000	100.000000
2170	433	li	0	0.000000	100.000000
2171	436	lin	0	0.000000	100.000000
2172	438	ling	0	0.000000	100.000000
2173	439	lion	0	0.000000	100.000000
2174	440	lit	0	0.000000	100.000000
2175	442	ll	0	0.000000	100.000000
2176	444	loc	0	0.000000	100.000000
2177	445	loca	0	0.000000	100.000000
2178	446	located	0	0.000000	100.000000
2179	448	lon	0	0.000000	100.000000
2180	450	loo	0	0.000000	100.000000
2181	455	ls	0	0.000000	100.000000
2182	456	lu	0	0.000000	100.000000
2183	459	ma	0	0.000000	100.000000
2184	460	mach	0	0.000000	100.000000
2185	463	mail	0	0.000000	100.000000
2186	467	mar	0	0.000000	100.000000
2187	469	may	0	0.000000	100.000000
2188	471	mb	0	0.000000	100.000000
2189	472	mber	0	0.000000	100.000000
2190	475	mee	0	0.000000	100.000000
2191	478	ments	0	0.000000	100.000000
2192	479	mes	0	0.000000	100.000000
2193	480	mi	0	0.000000	100.000000
2194	482	mil	0	0.000000	100.000000
2195	483	million	0	0.000000	100.000000
2196	484	min	0	0.000000	100.000000
2197	485	minu	0	0.000000	100.000000
2198	486	mis	0	0.000000	100.000000
2199	488	mo	0	0.000000	100.000000
2200	489	mon	0	0.000000	100.000000
2201	491	mor	0	0.000000	100.000000
2202	494	ms	0	0.000000	100.000000
2203	495	mu	0	0.000000	100.000000
2204	499	n't	0	0.000000	100.000000
2205	500	na	0	0.000000	100.000000
2206	501	nati	0	0.000000	100.000000
2207	502	national	0	0.000000	100.000000
2208	503	ne	0	0.000000	100.000000
2209	505	ned	0	0.000000	100.000000
2210	508	ness	0	0.000000	100.000000
2211	513	ni	0	0.000000	100.000000
2212	517	ning	0	0.000000	100.000000
2213	519	nor	0	0.000000	100.000000
2214	522	nu	0	0.000000	100.000000
2215	525	ob	0	0.000000	100.000000
2216	526	oc	0	0.000000	100.000000
2217	529	offer	0	0.000000	100.000000
2218	533	ol	0	0.000000	100.000000
2219	535	om	0	0.000000	100.000000
2220	536	oms	0	0.000000	100.000000
2221	538	onal	0	0.000000	100.000000
2222	539	ond	0	0.000000	100.000000
2223	541	ong	0	0.000000	100.000000
2224	543	ons	0	0.000000	100.000000
2225	544	oo	0	0.000000	100.000000
2226	545	ood	0	0.000000	100.000000
2227	547	ool	0	0.000000	100.000000
2228	548	op	0	0.000000	100.000000
2229	551	ors	0	0.000000	100.000000
2230	552	ort	0	0.000000	100.000000
2231	553	ose	0	0.000000	100.000000
2232	555	ou	0	0.000000	100.000000
2233	556	oug	0	0.000000	100.000000
2234	557	ough	0	0.000000	100.000000
2235	558	ought	0	0.000000	100.000000
2236	559	ould	0	0.000000	100.000000
2237	560	oun	0	0.000000	100.000000
2238	561	ound	0	0.000000	100.000000
2239	562	ount	0	0.000000	100.000000
2240	564	ours	0	0.000000	100.000000
2241	565	ous	0	0.000000	100.000000
2242	566	ouse	0	0.000000	100.000000
2243	568	outdoor	0	0.000000	100.000000
2244	572	pa	0	0.000000	100.000000
2245	573	par	0	0.000000	100.000000
2246	576	pay	0	0.000000	100.000000
2247	577	pe	0	0.000000	100.000000
2248	579	peo	0	0.000000	100.000000
2249	582	peri	0	0.000000	100.000000
2250	583	ph	0	0.000000	100.000000
2251	584	pi	0	0.000000	100.000000
2252	585	pic	0	0.000000	100.000000
2253	587	piec	0	0.000000	100.000000
2254	588	pl	0	0.000000	100.000000
2255	589	pla	0	0.000000	100.000000
2256	591	ple	0	0.000000	100.000000
2257	592	plea	0	0.000000	100.000000
2258	594	ply	0	0.000000	100.000000
2259	595	po	0	0.000000	100.000000
2260	598	por	0	0.000000	100.000000
2261	599	port	0	0.000000	100.000000
2262	602	pp	0	0.000000	100.000000
2263	603	pping	0	0.000000	100.000000
2264	604	pr	0	0.000000	100.000000
2265	605	pre	0	0.000000	100.000000
2266	606	pres	0	0.000000	100.000000
2267	607	pri	0	0.000000	100.000000
2268	608	price	0	0.000000	100.000000
2269	610	prob	0	0.000000	100.000000
2270	611	proble	0	0.000000	100.000000
2271	613	produc	0	0.000000	100.000000
2272	616	provi	0	0.000000	100.000000
2273	619	pt	0	0.000000	100.000000
2274	620	pu	0	0.000000	100.000000
2275	621	pur	0	0.000000	100.000000
2276	624	qu	0	0.000000	100.000000
2277	626	questi	0	0.000000	100.000000
2278	627	qui	0	0.000000	100.000000
2279	628	quir	0	0.000000	100.000000
2280	629	quo	0	0.000000	100.000000
2281	630	quotation	0	0.000000	100.000000
2282	632	ra	0	0.000000	100.000000
2283	634	re	0	0.000000	100.000000
2284	635	rea	0	0.000000	100.000000
2285	639	reas	0	0.000000	100.000000
2286	640	rec	0	0.000000	100.000000
2287	641	recei	0	0.000000	100.000000
2288	643	ree	0	0.000000	100.000000
2289	644	ren	0	0.000000	100.000000
2290	647	reply	0	0.000000	100.000000
2291	648	res	0	0.000000	100.000000
2292	649	resort	0	0.000000	100.000000
2293	650	ress	0	0.000000	100.000000
2294	652	resta	0	0.000000	100.000000
2295	653	restaur	0	0.000000	100.000000
2296	654	restaurant	0	0.000000	100.000000
2297	655	restaurants	0	0.000000	100.000000
2298	656	rested	0	0.000000	100.000000
2299	657	ri	0	0.000000	100.000000
2300	659	ro	0	0.000000	100.000000
2301	660	roo	0	0.000000	100.000000
2302	661	room	0	0.000000	100.000000
2303	664	ru	0	0.000000	100.000000
2304	665	ry	0	0.000000	100.000000
2305	669	sal	0	0.000000	100.000000
2306	670	sam	0	0.000000	100.000000
2307	672	sample	0	0.000000	100.000000
2308	674	sc	0	0.000000	100.000000
2309	675	se	0	0.000000	100.000000
2310	676	sea	0	0.000000	100.000000
2311	677	sec	0	0.000000	100.000000
2312	678	sed	0	0.000000	100.000000
2313	680	sel	0	0.000000	100.000000
2314	682	sen	0	0.000000	100.000000
2315	683	send	0	0.000000	100.000000
2316	684	sent	0	0.000000	100.000000
2317	685	ser	0	0.000000	100.000000
2318	686	serv	0	0.000000	100.000000
2319	688	services	0	0.000000	100.000000
2320	689	ses	0	0.000000	100.000000
2321	693	sha	0	0.000000	100.000000
2322	695	shi	0	0.000000	100.000000
2323	697	shipping	0	0.000000	100.000000
2324	698	sho	0	0.000000	100.000000
2325	701	si	0	0.000000	100.000000
2326	702	sible	0	0.000000	100.000000
2327	704	sin	0	0.000000	100.000000
2328	705	sing	0	0.000000	100.000000
2329	707	sit	0	0.000000	100.000000
2330	708	site	0	0.000000	100.000000
2331	709	sive	0	0.000000	100.000000
2332	712	sk	0	0.000000	100.000000
2333	713	sm	0	0.000000	100.000000
2334	716	som	0	0.000000	100.000000
2335	719	son	0	0.000000	100.000000
2336	721	sor	0	0.000000	100.000000
2337	723	sou	0	0.000000	100.000000
2338	724	sp	0	0.000000	100.000000
2339	725	spa	0	0.000000	100.000000
2340	726	speci	0	0.000000	100.000000
2341	727	squ	0	0.000000	100.000000
2342	728	ss	0	0.000000	100.000000
2343	729	st	0	0.000000	100.000000
2344	730	sta	0	0.000000	100.000000
2345	731	staff	0	0.000000	100.000000
2346	732	star	0	0.000000	100.000000
2347	735	ste	0	0.000000	100.000000
2348	736	ster	0	0.000000	100.000000
2349	738	sting	0	0.000000	100.000000
2350	739	sto	0	0.000000	100.000000
2351	740	stor	0	0.000000	100.000000
2352	741	story	0	0.000000	100.000000
2353	742	str	0	0.000000	100.000000
2354	743	sts	0	0.000000	100.000000
2355	744	stu	0	0.000000	100.000000
2356	745	su	0	0.000000	100.000000
2357	747	sup	0	0.000000	100.000000
2358	748	sur	0	0.000000	100.000000
2359	749	sure	0	0.000000	100.000000
2360	750	sy	0	0.000000	100.000000
2361	752	ta	0	0.000000	100.000000
2362	754	tain	0	0.000000	100.000000
2363	756	tal	0	0.000000	100.000000
2364	758	tation	0	0.000000	100.000000
2365	759	te	0	0.000000	100.000000
2366	761	teen	0	0.000000	100.000000
2367	763	tely	0	0.000000	100.000000
2368	766	ters	0	0.000000	100.000000
2369	767	tes	0	0.000000	100.000000
2370	768	th	0	0.000000	100.000000
2371	784	thin	0	0.000000	100.000000
2372	788	thir	0	0.000000	100.000000
2373	792	thought	0	0.000000	100.000000
2374	793	thous	0	0.000000	100.000000
2375	795	thr	0	0.000000	100.000000
2376	798	ti	0	0.000000	100.000000
2377	799	tic	0	0.000000	100.000000
2378	802	ting	0	0.000000	100.000000
2379	805	tle	0	0.000000	100.000000
2380	806	tly	0	0.000000	100.000000
2381	810	ton	0	0.000000	100.000000
2382	813	tor	0	0.000000	100.000000
2383	814	town	0	0.000000	100.000000
2384	815	tr	0	0.000000	100.000000
2385	816	tre	0	0.000000	100.000000
2386	817	tri	0	0.000000	100.000000
2387	819	ts	0	0.000000	100.000000
2388	820	tter	0	0.000000	100.000000
2389	822	tu	0	0.000000	100.000000
2390	823	tually	0	0.000000	100.000000
2391	824	tur	0	0.000000	100.000000
2392	825	ture	0	0.000000	100.000000
2393	826	tures	0	0.000000	100.000000
2394	827	tw	0	0.000000	100.000000
2395	832	uc	0	0.000000	100.000000
2396	833	uch	0	0.000000	100.000000
2397	834	ue	0	0.000000	100.000000
2398	836	ul	0	0.000000	100.000000
2399	838	un	0	0.000000	100.000000
2400	839	unch	0	0.000000	100.000000
2401	840	und	0	0.000000	100.000000
2402	842	uni	0	0.000000	100.000000
2403	845	ur	0	0.000000	100.000000
2404	846	ure	0	0.000000	100.000000
2405	850	ust	0	0.000000	100.000000
2406	852	val	0	0.000000	100.000000
2407	854	ved	0	0.000000	100.000000
2408	855	vel	0	0.000000	100.000000
2409	856	ven	0	0.000000	100.000000
2410	857	ver	0	0.000000	100.000000
2411	858	vers	0	0.000000	100.000000
2412	860	ves	0	0.000000	100.000000
2413	861	vi	0	0.000000	100.000000
2414	862	vie	0	0.000000	100.000000
2415	864	vil	0	0.000000	100.000000
2416	865	ving	0	0.000000	100.000000
2417	866	vo	0	0.000000	100.000000
2418	868	wa	0	0.000000	100.000000
2419	869	wal	0	0.000000	100.000000
2420	870	wan	0	0.000000	100.000000
2421	872	war	0	0.000000	100.000000
2422	874	wat	0	0.000000	100.000000
2423	880	wee	0	0.000000	100.000000
2424	884	wh	0	0.000000	100.000000
2425	893	wi	0	0.000000	100.000000
2426	896	wing	0	0.000000	100.000000
2427	897	wit	0	0.000000	100.000000
2428	900	wn	0	0.000000	100.000000
2429	901	won	0	0.000000	100.000000
2430	902	wor	0	0.000000	100.000000
2431	906	wr	0	0.000000	100.000000
2432	907	ws	0	0.000000	100.000000
2433	909	xt	0	0.000000	100.000000
2434	911	yea	0	0.000000	100.000000
2435	915	yed	0	0.000000	100.000000
2436	917	ying	0	0.000000	100.000000
2437	918	yo	0	0.000000	100.000000
2438	922	ys	0	0.000000	100.000000
2439	960	乓	0	0.000000	100.000000
2440	979	亘	0	0.000000	100.000000
2441	984	亨	0	0.000000	100.000000
2442	991	仄	0	0.000000	100.000000
2443	1028	佻	0	0.000000	100.000000
2444	1061	僔	0	0.000000	100.000000
2445	1063	僬	0	0.000000	100.000000
2446	1090	冏	0	0.000000	100.000000
2447	1092	冗	0	0.000000	100.000000
2448	1114	凿	0	0.000000	100.000000
2449	1132	剋	0	0.000000	100.000000
2450	1156	匝	0	0.000000	100.000000
2451	1199	叟	0	0.000000	100.000000
2452	1211	叵	0	0.000000	100.000000
2453	1214	叻	0	0.000000	100.000000
2454	1228	吮	0	0.000000	100.000000
2455	1238	呔	0	0.000000	100.000000
2456	1251	咩	0	0.000000	100.000000
2457	1262	哏	0	0.000000	100.000000
2458	1264	哕	0	0.000000	100.000000
2459	1265	哞	0	0.000000	100.000000
2460	1278	唷	0	0.000000	100.000000
2461	1279	啂	0	0.000000	100.000000
2462	1286	啷	0	0.000000	100.000000
2463	1296	喺	0	0.000000	100.000000
2464	1299	嗔	0	0.000000	100.000000
2465	1300	嗙	0	0.000000	100.000000
2466	1303	嗮	0	0.000000	100.000000
2467	1305	嗰	0	0.000000	100.000000
2468	1306	嗲	0	0.000000	100.000000
2469	1311	嘬	0	0.000000	100.000000
2470	1313	噌	0	0.000000	100.000000
2471	1314	噘	0	0.000000	100.000000
2472	1315	噢	0	0.000000	100.000000
2473	1317	噶	0	0.000000	100.000000
2474	1318	噻	0	0.000000	100.000000
2475	1319	嚒	0	0.000000	100.000000
2476	1322	囎	0	0.000000	100.000000
2477	1323	囔	0	0.000000	100.000000
2478	1327	囡	0	0.000000	100.000000
2479	1332	囱	0	0.000000	100.000000
2480	1362	堕	0	0.000000	100.000000
2481	1364	塍	0	0.000000	100.000000
2482	1375	夐	0	0.000000	100.000000
2483	1385	夯	0	0.000000	100.000000
2484	1391	奎	0	0.000000	100.000000
2485	1398	奴	0	0.000000	100.000000
2486	1416	婀	0	0.000000	100.000000
2487	1421	嫖	0	0.000000	100.000000
2488	1430	孬	0	0.000000	100.000000
2489	1431	孽	0	0.000000	100.000000
2490	1465	尕	0	0.000000	100.000000
2491	1470	尻	0	0.000000	100.000000
2492	1483	屣	0	0.000000	100.000000
2493	1486	岑	0	0.000000	100.000000
2494	1487	岔	0	0.000000	100.000000
2495	1490	崴	0	0.000000	100.000000
2496	1504	帚	0	0.000000	100.000000
2497	1539	彖	0	0.000000	100.000000
2498	1544	徂	0	0.000000	100.000000
2499	1556	忖	0	0.000000	100.000000
2500	1563	忾	0	0.000000	100.000000
2501	1567	怄	0	0.000000	100.000000
2502	1603	戛	0	0.000000	100.000000
2503	1616	扥	0	0.000000	100.000000
2504	1627	抔	0	0.000000	100.000000
2505	1645	拗	0	0.000000	100.000000
2506	1663	挼	0	0.000000	100.000000
2507	1671	掇	0	0.000000	100.000000
2508	1686	搂	0	0.000000	100.000000
2509	1703	擞	0	0.000000	100.000000
2510	1705	攥	0	0.000000	100.000000
2511	1742	昝	0	0.000000	100.000000
2512	1749	晌	0	0.000000	100.000000
2513	1781	朾	0	0.000000	100.000000
2514	1817	栾	0	0.000000	100.000000
2515	1821	桖	0	0.000000	100.000000
2516	1831	楞	0	0.000000	100.000000
2517	1834	榻	0	0.000000	100.000000
2518	1841	欻	0	0.000000	100.000000
2519	1864	氽	0	0.000000	100.000000
2520	1872	沆	0	0.000000	100.000000
2521	1879	泞	0	0.000000	100.000000
2522	1899	淖	0	0.000000	100.000000
2523	1910	湍	0	0.000000	100.000000
2524	1920	漾	0	0.000000	100.000000
2525	1929	炝	0	0.000000	100.000000
2526	1983	璀	0	0.000000	100.000000
2527	1985	瓤	0	0.000000	100.000000
2528	1987	瓮	0	0.000000	100.000000
2529	1991	甥	0	0.000000	100.000000
2530	2003	疃	0	0.000000	100.000000
2531	2010	痤	0	0.000000	100.000000
2532	2030	盹	0	0.000000	100.000000
2533	2040	瞟	0	0.000000	100.000000
2534	2041	瞥	0	0.000000	100.000000
2535	2057	碜	0	0.000000	100.000000
2536	2065	禅	0	0.000000	100.000000
2537	2089	窕	0	0.000000	100.000000
2538	2091	窘	0	0.000000	100.000000
2539	2094	窿	0	0.000000	100.000000
2540	2114	箜	0	0.000000	100.000000
2541	2124	糗	0	0.000000	100.000000
2542	2131	纂	0	0.000000	100.000000
2543	2158	绰	0	0.000000	100.000000
2544	2171	羟	0	0.000000	100.000000
2545	2183	耨	0	0.000000	100.000000
2546	2192	肏	0	0.000000	100.000000
2547	2196	肮	0	0.000000	100.000000
2548	2207	腩	0	0.000000	100.000000
2549	2211	膑	0	0.000000	100.000000
2550	2217	舔	0	0.000000	100.000000
2551	2219	舯	0	0.000000	100.000000
2552	2220	舸	0	0.000000	100.000000
2553	2223	艮	0	0.000000	100.000000
2554	2235	苺	0	0.000000	100.000000
2555	2252	蒯	0	0.000000	100.000000
2556	2253	蒿	0	0.000000	100.000000
2557	2254	蓊	0	0.000000	100.000000
2558	2255	蓿	0	0.000000	100.000000
2559	2256	蔫	0	0.000000	100.000000
2560	2257	蕊	0	0.000000	100.000000
2561	2267	蚣	0	0.000000	100.000000
2562	2268	蚤	0	0.000000	100.000000
2563	2269	蚱	0	0.000000	100.000000
2564	2273	螫	0	0.000000	100.000000
2565	2276	衄	0	0.000000	100.000000
2566	2282	衩	0	0.000000	100.000000
2567	2288	裇	0	0.000000	100.000000
2568	2289	裳	0	0.000000	100.000000
2569	2308	讧	0	0.000000	100.000000
2570	2315	讷	0	0.000000	100.000000
2571	2334	诨	0	0.000000	100.000000
2572	2345	谆	0	0.000000	100.000000
2573	2349	谑	0	0.000000	100.000000
2574	2350	谝	0	0.000000	100.000000
2575	2393	跛	0	0.000000	100.000000
2576	2403	蹿	0	0.000000	100.000000
2577	2441	逋	0	0.000000	100.000000
2578	2449	逡	0	0.000000	100.000000
2579	2485	铠	0	0.000000	100.000000
2580	2486	铳	0	0.000000	100.000000
2581	2498	阐	0	0.000000	100.000000
2582	2512	陨	0	0.000000	100.000000
2583	2526	雹	0	0.000000	100.000000
2584	2528	霎	0	0.000000	100.000000
2585	2535	鞥	0	0.000000	100.000000
2586	2548	颓	0	0.000000	100.000000
2587	2551	颙	0	0.000000	100.000000
2588	2556	飕	0	0.000000	100.000000
2589	2561	餮	0	0.000000	100.000000
2590	2566	馁	0	0.000000	100.000000
2591	2569	馓	0	0.000000	100.000000
2592	2570	馕	0	0.000000	100.000000
2593	2576	骈	0	0.000000	100.000000
2594	2586	鳅	0	0.000000	100.000000
2595	2587	鳔	0	0.000000	100.000000
2596	2592	麽	0	0.000000	100.000000
2597	2597	齁	0	0.000000	100.000000
2598	2599	#0	0	0.000000	100.000000
2599	2600	#1	0	0.000000	100.000000
2600	2601	#2	0	0.000000	100.000000
2601	2602	#3	0	0.000000	100.000000
2602	2603	#4	0	0.000000	100.000000
2603	2604	#5	0	0.000000	100.000000
2604	2605	#6	0	0.000000	100.000000
2605	2606	#7	0	0.000000	100.000000
2606	2607	#8	0	0.000000	100.000000
2607	2608	#9	0	0.000000	100.000000
2608	2609	#10	0	0.000000	100.000000
2609	2610	#11	0	0.000000	100.000000
2610	2611	#12	0	0.000000	100.000000
2611	2612	#13	0	0.000000	100.000000
2612	2613	#14	0	0.000000	100.000000
2613	2614	#15	0	0.000000	100.000000
2614	2615	#16	0	0.000000	100.000000
2615	2616	#17	0	0.000000	100.000000
2616	2617	#18	0	0.000000	100.000000
2617	2618	#19	0	0.000000	100.000000
2618	2619	#20	0	0.000000	100.000000
2619	2620	#21	0	0.000000	100.000000
2620	2621	#22	0	0.000000	100.000000
2621	2622	#23	0	0.000000	100.000000
2622	2623	#24	0	0.000000	100.000000
2623	2624	#25	0	0.000000	100.000000
2624	2625	#26	0	0.000000	100.000000
2625	2626	#27	0	0.000000	100.000000
2626	2627	#28	0	0.000000	100.000000
2627	2628	#29	0	0.000000	100.000000
2628	2629	#30	0	0.000000	100.000000
2629	2630	#31	0	0.000000	100.000000
2630	2631	#32	0	0.000000	100.000000
2631	2632	#33	0	0.000000	100.000000
2632	2633	#34	0	0.000000	100.000000
2633	2634	#35	0	0.000000	100.000000
2634	2635	#36	0	0.000000	100.000000
2635	2636	#37	0	0.000000	100.000000
2636	2637	#38	0	0.000000	100.000000
2637	2638	#39	0	0.000000	100.000000
2638	2639	#40	0	0.000000	100.000000
2639	2640	#41	0	0.000000	100.000000
2640	2641	#42	0	0.000000	100.000000
2641	2642	#43	0	0.000000	100.000000
2642	2643	#44	0	0.000000	100.000000
2643	2644	#45	0	0.000000	100.000000
2644	2645	#46	0	0.000000	100.000000
2645	2646	#47	0	0.000000	100.000000
2646	2647	#48	0	0.000000	100.000000
2647	2648	#49	0	0.000000	100.000000
2648	2649	#50	0	0.000000	100.000000
2649	2650	#51	0	0.000000	100.000000
2650	2651	#52	0	0.000000	100.000000
2651	2652	#53	0	0.000000	100.000000
2652	2653	#54	0	0.000000	100.000000
2653	2654	#55	0	0.000000	100.000000
2654	2655	#56	0	0.000000	100.000000
2655	2656	#57	0	0.000000	100.000000
2656	2657	#58	0	0.000000	100.000000
2657	2658	#59	0	0.000000	100.000000
2658	2659	#60	0	0.000000	100.000000
2659	2660	#61	0	0.000000	100.000000
2660	2661	#62	0	0.000000	100.000000
2661	2662	#63	0	0.000000	100.000000
2662	2663	#64	0	0.000000	100.000000
2663	2664	#65	0	0.000000	100.000000
2664	2665	#66	0	0.000000	100.000000
2665	2666	#67	0	0.000000	100.000000
2666	2667	#68	0	0.000000	100.000000
2667	2668	#69	0	0.000000	100.000000
2668	2669	#70	0	0.000000	100.000000
2669	2670	#71	0	0.000000	100.000000
2670	2671	#72	0	0.000000	100.000000
2671	2672	#73	0	0.000000	100.000000
2672	2673	#74	0	0.000000	100.000000
2673	2674	#75	0	0.000000	100.000000
2674	2675	#76	0	0.000000	100.000000
2675	2676	#77	0	0.000000	100.000000
2676	2677	#78	0	0.000000	100.000000
2677	2678	#79	0	0.000000	100.000000
2678	2679	#80	0	0.000000	100.000000
2679	2680	#81	0	0.000000	100.000000
2680	2681	#82	0	0.000000	100.000000
2681	2682	#83	0	0.000000	100.000000
2682	2683	#84	0	0.000000	100.000000
2683	2684	#85	0	0.000000	100.000000
2684	2685	#86	0	0.000000	100.000000
2685	2686	#87	0	0.000000	100.000000
2686	2687	#88	0	0.000000	100.000000
2687	2688	#89	0	0.000000	100.000000
2688	2689	#90	0	0.000000	100.000000
2689	2690	#91	0	0.000000	100.000000
2690	2691	#92	0	0.000000	100.000000
2691	2692	#93	0	0.000000	100.000000
2692	2693	#94	0	0.000000	100.000000
2693	2694	#95	0	0.000000	100.000000
2694	2695	#96	0	0.000000	100.000000
2695	2696	#97	0	0.000000	100.000000
2696	2697	#98	0	0.000000	100.000000
2697	2698	#99	0	0.000000	100.000000
2698	2699	#100	0	0.000000	100.000000
2699	2700	#101	0	0.000000	100.000000
2700	2701	#102	0	0.000000	100.000000
2701	2702	#103	0	0.000000	100.000000
2702	2703	#104	0	0.000000	100.000000
2703	2704	#105	0	0.000000	100.000000
2704	2705	#106	0	0.000000	100.000000
2705	2706	#107	0	0.000000	100.000000
2706	2707	#108	0	0.000000	100.000000
2707	2708	#109	0	0.000000	100.000000
2708	2709	#110	0	0.000000	100.000000
2709	2710	#111	0	0.000000	100.000000
2710	2711	#112	0	0.000000	100.000000
2711	2712	#113	0	0.000000	100.000000
2712	2713	#114	0	0.000000	100.000000
2713	2714	#115	0	0.000000	100.000000
2714	2715	#116	0	0.000000	100.000000
2715	2716	#117	0	0.000000	100.000000
2716	2717	#118	0	0.000000	100.000000
2717	2718	#119	0	0.000000	100.000000
2718	2719	#120	0	0.000000	100.000000
2719	2720	#121	0	0.000000	100.000000
2720	2721	#122	0	0.000000	100.000000
2721	2722	#123	0	0.000000	100.000000
2722	2723	#124	0	0.000000	100.000000
2723	2724	#125	0	0.000000	100.000000
2724	2725	#126	0	0.000000	100.000000
2725	2726	#127	0	0.000000	100.000000
2726	2727	#128	0	0.000000	100.000000
2727	2728	#129	0	0.000000	100.000000
2728	2729	#130	0	0.000000	100.000000
2729	2730	#131	0	0.000000	100.000000
2730	2731	#132	0	0.000000	100.000000
2731	2732	#133	0	0.000000	100.000000
2732	2733	#134	0	0.000000	100.000000
2733	2734	#135	0	0.000000	100.000000
2734	2735	#136	0	0.000000	100.000000
2735	2736	#137	0	0.000000	100.000000
2736	2737	#138	0	0.000000	100.000000
2737	2738	#139	0	0.000000	100.000000
2738	2739	#140	0	0.000000	100.000000
2739	2740	#141	0	0.000000	100.000000
2740	2741	#142	0	0.000000	100.000000
2741	2742	#143	0	0.000000	100.000000
2742	2743	#144	0	0.000000	100.000000
2743	2744	#145	0	0.000000	100.000000
2744	2745	#146	0	0.000000	100.000000
2745	2746	#147	0	0.000000	100.000000
2746	2747	#148	0	0.000000	100.000000
2747	2748	#149	0	0.000000	100.000000
2748	2749	#150	0	0.000000	100.000000
2749	2750	#151	0	0.000000	100.000000
2750	2751	#152	0	0.000000	100.000000
2751	2752	#153	0	0.000000	100.000000
2752	2753	#154	0	0.000000	100.000000
2753	2754	#155	0	0.000000	100.000000
2754	2755	#156	0	0.000000	100.000000
2755	2756	#157	0	0.000000	100.000000
2756	2757	#158	0	0.000000	100.000000
2757	2758	#159	0	0.000000	100.000000
2758	2759	#160	0	0.000000	100.000000
2759	2760	#161	0	0.000000	100.000000
2760	2761	#162	0	0.000000	100.000000
2761	2762	#163	0	0.000000	100.000000
2762	2763	#164	0	0.000000	100.000000
2763	2764	#165	0	0.000000	100.000000
2764	2765	#166	0	0.000000	100.000000
2765	2766	#167	0	0.000000	100.000000
2766	2767	#168	0	0.000000	100.000000
2767	2768	#169	0	0.000000	100.000000
2768	2769	#170	0	0.000000	100.000000
2769	2770	#171	0	0.000000	100.000000
2770	2771	#172	0	0.000000	100.000000
2771	2772	#173	0	0.000000	100.000000
2772	2773	#174	0	0.000000	100.000000
2773	2774	#175	0	0.000000	100.000000
2774	2775	#176	0	0.000000	100.000000
2775	2776	#177	0	0.000000	100.000000
2776	2777	#178	0	0.000000	100.000000
2777	2778	#179	0	0.000000	100.000000
2778	2779	#180	0	0.000000	100.000000
2779	2780	#181	0	0.000000	100.000000
2780	2781	#182	0	0.000000	100.000000
2781	2782	#183	0	0.000000	100.000000
2782	2783	#184	0	0.000000	100.000000
2783	2784	#185	0	0.000000	100.000000
